7200.0 -5 6.838343999999779
   20.90739   20.85196   20.71186   20.58670   20.47677   20.38187   20.30136   20.23425   20.17929   20.13508   20.10016   20.07306   20.05242   20.03698   20.02564   20.01747   20.01168   20.00764   20.00486   20.00295   20.00159   20.00054   19.99960   19.99856   19.99720   19.99526   19.99240   19.96746   19.94065   19.91054   19.87561   19.83424   19.78464   19.72484   19.65267   19.56574   19.46142   19.33684   19.18889   19.01424   18.80933   18.57043   18.53306   18.44031   18.29167   18.08651   17.82412   17.50380   17.12494   16.68714   16.19029   15.63466   15.02095   14.35039
   20.90739   20.85196   20.71186   20.58670   20.47677   20.38187   20.30136   20.23425   20.17929   20.13508   20.10016   20.07306   20.05242   20.03698   20.02564   20.01747   20.01168   20.00764   20.00486   20.00295   20.00159   20.00054   19.99960   19.99856   19.99720   19.99526   19.99240   19.96746   19.94065   19.91054   19.87561   19.83424   19.78464   19.72484   19.65267   19.56574   19.46142   19.33684   19.18889   19.01424   18.80933   18.57043   18.53306   18.44031   18.29167   18.08651   17.82412   17.50380   17.12494   16.68714   16.19029   15.63466   15.02095   14.35039

14400.0 -5 13.450488999999834
   21.13857   21.09346   20.97258   20.85911   20.75355   20.65622   20.56728   20.48674   20.41444   20.35012   20.29339   20.24379   20.20075   20.16368   20.13194   20.10487   20.08181   20.06207   20.04498   20.02989   20.01612   20.00301   19.98987   19.97601   19.96072   19.94324   19.92277   19.76432   19.60210   19.43379   19.25705   19.06953   18.86887   18.65273   18.41872   18.16448   17.88765   17.58586   17.25679   16.89809   16.50751   16.08278   16.03949   15.94332   15.79436   15.59282   15.33907   15.03360   14.67705   14.27023   13.81406   13.30963   12.75817   12.16107
   21.13857   21.09346   20.97258   20.85911   20.75355   20.65622   20.56728   20.48674   20.41444   20.35012   20.29339   20.24379   20.20075   20.16368   20.13194   20.10487   20.08181   20.06207   20.04498   20.02989   20.01612   20.00301   19.98987   19.97601   19.96072   19.94324   19.92277   19.76432   19.60210   19.43379   19.25705   19.06953   18.86887   18.65273   18.41872   18.16448   17.88765   17.58586   17.25679   16.89809   16.50751   16.08278   16.03949   15.94332   15.79436   15.59282   15.33907   15.03360   14.67705   14.27023   13.81406   13.30963   12.75817   12.16107

21600.0 -5 20.064704999999776
   21.26431   21.22525   21.11812   21.01559   20.91803   20.82574   20.73893   20.65773   20.58217   20.51220   20.44771   20.38847   20.33422   20.28460   20.23923   20.19764   20.15932   20.12373   20.09026   20.05830   20.02719   19.99625   19.96475   19.93197   19.89714   19.85950   19.81824   19.51051   19.19893   18.88134   18.55558   18.21950   17.87095   17.50783   17.12802   16.72947   16.31014   15.86801   15.40113   14.90757   14.38547   13.83301   13.78799   13.69623   13.55783   13.37302   13.14216   12.86574   12.54437   12.17881   11.76991   11.31868   10.82621   10.29375
   21.26431   21.22525   21.11812   21.01559   20.91803   20.82574   20.73893   20.65773   20.58217   20.51220   20.44771   20.38847   20.33422   20.28460   20.23923   20.19764   20.15932   20.12373   20.09026   20.05830   20.02719   19.99625   19.96475   19.93197   19.89714   19.85950   19.81824   19.51051   19.19893   18.88134   18.55558   18.21950   17.87095   17.50783   17.12802   16.72947   16.31014   15.86801   15.40113   14.90757   14.38547   13.83301   13.78799   13.69623   13.55783   13.37302   13.14216   12.86574   12.54437   12.17881   11.76991   11.31868   10.82621   10.29375

28800.0 -5 26.672806000000037
   21.34498   21.30991   21.21233   21.11782   21.02666   20.93906   20.85518   20.77512   20.69893   20.62660   20.55803   20.49311   20.43162   20.37333   20.31793   20.26505   20.21430   20.16522   20.11732   20.07007   20.02289   19.97520   19.92635   19.87571   19.82259   19.76632   19.70619   19.26427   18.81871   18.36761   17.90905   17.44116   16.96207   16.46990   15.96284   15.43907   14.89683   14.33436   13.74996   13.14197   12.50877   11.84879   11.80253   11.71509   11.58656   11.41715   11.20718   10.95709   10.66741   10.33881    9.97206    9.56802    9.12769    8.65214
   21.34498   21.30991   21.21233   21.11782   21.02666   20.93906   20.85518   20.77512   20.69893   20.62660   20.55803   20.49311   20.43162   20.37333   20.31793   20.26505   20.21430   20.16522   20.11732   20.07007   20.02289   19.97520   19.92635   19.87571   19.82259   19.76632   19.70619   19.26427   18.81871   18.36761   17.90905   17.44116   16.96207   16.46990   15.96284   15.43907   14.89683   14.33436   13.74996   13.14197   12.50877   11.84879   11.80253   11.71509   11.58656   11.41715   11.20718   10.95709   10.66741   10.33881    9.97206    9.56802    9.12769    8.65214

36000.0 5 33.26849799999991
   21.39934   21.36697   21.27590   21.18690   21.10016   21.01581   20.93396   20.85466   20.77793   20.70375   20.63202   20.56264   20.49543   20.43019   20.36665   20.30451   20.24344   20.18305   20.12293   20.06263   20.00169   19.93960   19.87585   19.80992   19.74129   19.66946   19.59394   19.04455   18.49247   17.93660   17.37590   16.80936   16.23607   15.65519   15.06600   14.46788   13.86033   13.24298   12.61559   11.97804   11.33036   10.67266   10.64031   10.59383   10.53352   10.45981   10.37326   10.27454   10.16437   10.04349    9.91264    9.77245    9.62353    9.46633
   21.39934   21.36697   21.27590   21.18690   21.10016   21.01581   20.93396   20.85466   20.77793   20.70375   20.63202   20.56264   20.49543   20.43019   20.36665   20.30451   20.24344   20.18305   20.12293   20.06263   20.00169   19.93960   19.87585   19.80992   19.74129   19.66946   19.59394   19.04455   18.49247   17.93660   17.37590   16.80936   16.23607   15.65519   15.06600   14.46788   13.86033   13.24298   12.61559   11.97804   11.33036   10.67266   10.64031   10.59383   10.53352   10.45981   10.37326   10.27454   10.16437   10.04349    9.91264    9.77245    9.62353    9.46633

43200.0 5 39.87983600000007
   21.43564   21.40506   21.31822   21.23273   21.14871   21.06622   20.98531   20.90602   20.82831   20.75216   20.67747   20.60413   20.53199   20.46087   20.39057   20.32085   20.25144   20.18206   20.11240   20.04216   19.97100   19.89861   19.82466   19.74883   19.67083   19.59038   19.50723   18.90823   18.30757   17.70472   17.09917   16.49040   15.87791   15.26125   14.63994   14.01357   13.38173   12.74403   12.10012   11.44966   10.79233   10.12784   10.09698   10.05531   10.00288    9.93976    9.86604    9.78188    9.68744    9.58291    9.46852    9.34451    9.21114    9.06871
   21.43564   21.40506   21.31822   21.23273   21.14871   21.06622   20.98531   20.90602   20.82831   20.75216   20.67747   20.60413   20.53199   20.46087   20.39057   20.32085   20.25144   20.18206   20.11240   20.04216   19.97100   19.89861   19.82466   19.74883   19.67083   19.59038   19.50723   18.90823   18.30757   17.70472   17.09917   16.49040   15.87791   15.26125   14.63994   14.01357   13.38173   12.74403   12.10012   11.44966   10.79233   10.12784   10.09698   10.05531   10.00288    9.93976    9.86604    9.78188    9.68744    9.58291    9.46852    9.34451    9.21114    9.06871

50400.0 5 46.468067999999676
   21.45871   21.42924   21.34494   21.26146   21.17885   21.09716   21.01640   20.93656   20.85763   20.77953   20.70222   20.62558   20.54950   20.47385   20.39847   20.32318   20.24780   20.17213   20.09597   20.01908   19.94127   19.86230   19.78196   19.70003   19.61633   19.53064   19.44279   18.81269   18.18128   17.54815   16.91287   16.27504   15.63424   14.99008   14.34218   13.69014   13.03360   12.37219   11.70558   11.03340   10.35535    9.67109    9.64018    9.59980    9.54999    9.49080    9.42230    9.34459    9.25780    9.16210    9.05764    8.94464    8.82333    8.69394
   21.45871   21.42924   21.34494   21.26146   21.17885   21.09716   21.01640   20.93656   20.85763   20.77953   20.70222   20.62558   20.54950   20.47385   20.39847   20.32318   20.24780   20.17213   20.09597   20.01908   19.94127   19.86230   19.78196   19.70003   19.61633   19.53064   19.44279   18.81269   18.18128   17.54815   16.91287   16.27504   15.63424   14.99008   14.34218   13.69014   13.03360   12.37219   11.70558   11.03340   10.35535    9.67109    9.64018    9.59980    9.54999    9.49080    9.42230    9.34459    9.25780    9.16210    9.05764    8.94464    8.82333    8.69394

57600.0 5 53.04023499999994
   21.47223   21.44340   21.36046   21.27797   21.19595   21.11441   21.03336   20.95276   20.87260   20.79282   20.71336   20.63414   20.55507   20.47604   20.39694   20.31764   20.23800   20.15788   20.07711   19.99555   19.91302   19.82938   19.74444   19.65806   19.57007   19.48032   19.38867   18.73269   18.07557   17.41694   16.75645   16.09373   15.42843   14.76022   14.08873   13.41364   12.73461   12.05133   11.36348   10.67076    9.97287    9.26952    9.23846    9.19905    9.15134    9.09535    9.03116    8.95885    8.87854    8.79037    8.69447    8.59104    8.48028    8.36239
   21.47223   21.44340   21.36046   21.27797   21.19595   21.11441   21.03336   20.95276   20.87260   20.79282   20.71336   20.63414   20.55507   20.47604   20.39694   20.31764   20.23800   20.15788   20.07711   19.99555   19.91302   19.82938   19.74444   19.65806   19.57007   19.48032   19.38867   18.73269   18.07557   17.41694   16.75645   16.09373   15.42843   14.76022   14.08873   13.41364   12.73461   12.05133   11.36348   10.67076    9.97287    9.26952    9.23846    9.19905    9.15134    9.09535    9.03116    8.95885    8.87854    8.79037    8.69447    8.59104    8.48028    8.36239

64800.0 5 59.659016000000065
   21.47921   21.45069   21.36832   21.28615   21.20418   21.12240   21.04080   20.95936   20.87803   20.79677   20.71552   20.63423   20.55280   20.47117   20.38922   20.30687   20.22400   20.14049   20.05623   19.97109   19.88495   19.79767   19.70912   19.61918   19.52771   19.43459   19.33969   18.66129   17.98185   17.30106   16.61860   15.93416   15.24743   14.55811   13.86591   13.17051   12.47164   11.76902   11.06237   10.35141    9.63590    8.91558    8.88437    8.84581    8.79993    8.74675    8.68635    8.61878    8.54417    8.46261    8.37425    8.27926    8.17779    8.07004
   21.47921   21.45069   21.36832   21.28615   21.20418   21.12240   21.04080   20.95936   20.87803   20.79677   20.71552   20.63423   20.55280   20.47117   20.38922   20.30687   20.22400   20.14049   20.05623   19.97109   19.88495   19.79767   19.70912   19.61918   19.52771   19.43459   19.33969   18.66129   17.98185   17.30106   16.61860   15.93416   15.24743   14.55811   13.86591   13.17051   12.47164   11.76902   11.06237   10.35141    9.63590    8.91558    8.88437    8.84581    8.79993    8.74675    8.68635    8.61878    8.54417    8.46261    8.37425    8.27926    8.17779    8.07004

72000.0 5 66.28405999999995
   21.48175   21.45332   21.37100   21.28870   21.20642   21.12414   21.04182   20.95945   20.87698   20.79437   20.71156   20.62849   20.54510   20.46131   20.37705   20.29222   20.20674   20.12051   20.03344   19.94541   19.85633   19.76608   19.67456   19.58166   19.48727   19.39127   19.29358   18.59570   17.89687   17.19680   16.49522   15.79186   15.08645   14.37874   13.66844   12.95532   12.23912   11.51959   10.79650   10.06961    9.33869    8.60353    8.57220    8.53440    8.49013    8.43943    8.38236    8.31898    8.24938    8.17366    8.09195    8.00438    7.91111    7.81231
   21.48175   21.45332   21.37100   21.28870   21.20642   21.12414   21.04182   20.95945   20.87698   20.79437   20.71156   20.62849   20.54510   20.46131   20.37705   20.29222   20.20674   20.12051   20.03344   19.94541   19.85633   19.76608   19.67456   19.58166   19.48727   19.39127   19.29358   18.59570   17.89687   17.19680   16.49522   15.79186   15.08645   14.37874   13.66844   12.95532   12.23912   11.51959   10.79650   10.06961    9.33869    8.60353    8.57220    8.53440    8.49013    8.43943    8.38236    8.31898    8.24938    8.17366    8.09195    8.00438    7.91111    7.81231

79200.0 0 72.88799999999992
   21.48129   21.45280   21.37015   21.28741   21.20456   21.12157   21.03841   20.95505   20.87143   20.78752   20.70326   20.61860   20.53348   20.44782   20.36157   20.27463   20.18694   20.09841   20.00896   19.91848   19.82689   19.73408   19.63995   19.54438   19.44725   19.34843   19.24775   18.52801   17.80699   17.08417   16.35901   15.63096   14.89941   14.16375   13.42331   12.67741   11.92528   11.16616   10.39920    9.62354    8.83827    8.04246    8.00356    7.94787    7.87531    7.78577    7.67916    7.55541    7.41447    7.25634    7.08112    6.88898    6.68019    6.45515
   21.48129   21.45280   21.37015   21.28741   21.20456   21.12157   21.03841   20.95505   20.87143   20.78752   20.70326   20.61860   20.53348   20.44782   20.36157   20.27463   20.18694   20.09841   20.00896   19.91848   19.82689   19.73408   19.63995   19.54438   19.44725   19.34843   19.24775   18.52801   17.80699   17.08417   16.35901   15.63096   14.89941   14.16375   13.42331   12.67741   11.92528   11.16616   10.39920    9.62354    8.83827    8.04246    8.00356    7.94787    7.87531    7.78577    7.67916    7.55541    7.41447    7.25634    7.08112    6.88898    6.68019    6.45515

86400.0 0 79.77810799999997
   21.47872   21.45007   21.36684   21.28344   21.19983   21.11598   21.03186   20.94743   20.86263   20.77743   20.69175   20.60556   20.51878   20.43134   20.34317   20.25418   20.16429   20.07339   19.98139   19.88816   19.79358   19.69751   19.59979   19.50026   19.39873   19.29500   19.18885   18.42815   17.66579   16.90109   16.13341   15.36208   14.58642   13.80577   13.01947   12.22686   11.42727   10.62007    9.80459    8.98021    8.14630    7.30225    7.26209    7.20632    7.13496    7.04808    6.94581    6.82829    6.69571    6.54833    6.38641    6.21029    6.02032    5.81693
   21.47872   21.45007   21.36684   21.28344   21.19983   21.11598   21.03186   20.94743   20.86263   20.77743   20.69175   20.60556   20.51878   20.43134   20.34317   20.25418   20.16429   20.07339   19.98139   19.88816   19.79358   19.69751   19.59979   19.50026   19.39873   19.29500   19.18885   18.42815   17.66579   16.90109   16.13341   15.36208   14.58642   13.80577   13.01947   12.22686   11.42727   10.62007    9.80459    8.98021    8.14630    7.30225    7.26209    7.20632    7.13496    7.04808    6.94581    6.82829    6.69571    6.54833    6.38641    6.21029    6.02032    5.81693

93600.0 -5 86.586186
   21.47461   21.44571   21.36168   21.27741   21.19286   21.10798   21.02274   20.93707   20.85093   20.76426   20.67699   20.58905   20.50037   20.41086   20.32043   20.22898   20.13641   20.04259   19.94741   19.85071   19.75235   19.65217   19.54999   19.44559   19.33878   19.22929   19.11687   18.30962   17.50027   16.68794   15.87174   15.05075   14.22402   13.39058   12.54941   11.69947   10.83968    9.96889    9.08597    8.18971    7.27889    6.35226    6.30423    6.23133    6.13349    6.01065    5.86279    5.68989    5.49203    5.26935    5.02208    4.75057    4.45529    4.13684
   21.47461   21.44571   21.36168   21.27741   21.19286   21.10798   21.02274   20.93707   20.85093   20.76426   20.67699   20.58905   20.50037   20.41086   20.32043   20.22898   20.13641   20.04259   19.94741   19.85071   19.75235   19.65217   19.54999   19.44559   19.33878   19.22929   19.11687   18.30962   17.50027   16.68794   15.87174   15.05075   14.22402   13.39058   12.54941   11.69947   10.83968    9.96889    9.08597    8.18971    7.27889    6.35226    6.30423    6.23133    6.13349    6.01065    5.86279    5.68989    5.49203    5.26935    5.02208    4.75057    4.45529    4.13684

100800.0 -5 93.40708099999983
   21.46906   21.43984   21.35478   21.26941   21.18367   21.09751   21.01088   20.92371   20.83594   20.74750   20.65830   20.56826   20.47728   20.38527   20.29210   20.19767   20.10183   20.00443   19.90531   19.80430   19.70120   19.59579   19.48784   19.37710   19.26328   19.14609   19.02519   18.15498   17.28228   16.40609   15.52545   14.63938   13.74690   12.84705   11.93886   11.02137   10.09363    9.15471    8.20366    7.23959    6.26161    5.26884    5.21935    5.14714    5.05222    4.93473    4.79481    4.63271    4.44871    4.24317    4.01649    3.76917    3.50172    3.21476
   21.46906   21.43984   21.35478   21.26941   21.18367   21.09751   21.01088   20.92371   20.83594   20.74750   20.65830   20.56826   20.47728   20.38527   20.29210   20.19767   20.10183   20.00443   19.90531   19.80430   19.70120   19.59579   19.48784   19.37710   19.26328   19.14609   19.02519   18.15498   17.28228   16.40609   15.52545   14.63938   13.74690   12.84705   11.93886   11.02137   10.09363    9.15471    8.20366    7.23959    6.26161    5.26884    5.21935    5.14714    5.05222    4.93473    4.79481    4.63271    4.44871    4.24317    4.01649    3.76917    3.50172    3.21476

108000.0 -5 100.28452199999992
   21.46194   21.43230   21.34594   21.25917   21.17195   21.08419   20.99584   20.90680   20.81701   20.72636   20.63477   20.54211   20.44829   20.35317   20.25662   20.15848   20.05860   19.95680   19.85291   19.74670   19.63798   19.52650   19.41202   19.29427   19.17299   19.04787   18.91861   17.98775   17.05434   16.11751   15.17639   14.23014   13.27788   12.31879   11.35202   10.37674    9.39215    8.39745    7.39185    6.37460    5.34497    4.30222    4.25220    4.18211    4.09198    3.98193    3.85212    3.70275    3.53409    3.34646    3.14024    2.91585    2.67378    2.41454
   21.46194   21.43230   21.34594   21.25917   21.17195   21.08419   20.99584   20.90680   20.81701   20.72636   20.63477   20.54211   20.44829   20.35317   20.25662   20.15848   20.05860   19.95680   19.85291   19.74670   19.63798   19.52650   19.41202   19.29427   19.17299   19.04787   18.91861   17.98775   17.05434   16.11751   15.17639   14.23014   13.27788   12.31879   11.35202   10.37674    9.39215    8.39745    7.39185    6.37460    5.34497    4.30222    4.25220    4.18211    4.09198    3.98193    3.85212    3.70275    3.53409    3.34646    3.14024    2.91585    2.67378    2.41454

115200.0 -5 106.86181499999975
   21.45294   21.42278   21.33478   21.24628   21.15720   21.06746   20.97698   20.88566   20.79340   20.70010   20.60563   20.50988   20.41271   20.31398   20.21354   20.11123   20.00688   19.90030   19.79130   19.67967   19.56519   19.44764   19.32678   19.20236   19.07413   18.94181   18.80514   17.82116   16.83468   15.84494   14.85119   13.85270   12.84873   11.83854   10.82142    9.79665    8.76354    7.72141    6.66960    5.60744    4.53431    3.44961    3.39921    3.33111    3.24535    3.14203    3.02128    2.88330    2.72832    2.55662    2.36854    2.16444    1.94476    1.70996
   21.45294   21.42278   21.33478   21.24628   21.15720   21.06746   20.97698   20.88566   20.79340   20.70010   20.60563   20.50988   20.41271   20.31398   20.21354   20.11123   20.00688   19.90030   19.79130   19.67967   19.56519   19.44764   19.32678   19.20236   19.07413   18.94181   18.80514   17.82116   16.83468   15.84494   14.85119   13.85270   12.84873   11.83854   10.82142    9.79665    8.76354    7.72141    6.66960    5.60744    4.53431    3.44961    3.39921    3.33111    3.24535    3.14203    3.02128    2.88330    2.72832    2.55662    2.36854    2.16444    1.94476    1.70996

122400.0 5 113.42687500000011
   21.44181   21.41101   21.32102   21.23043   21.13914   21.04705   20.95407   20.86009   20.76500   20.66868   20.57099   20.47181   20.37100   20.26840   20.16386   20.05721   19.94828   19.83688   19.72283   19.60594   19.48600   19.36283   19.23623   19.10600   18.97199   18.83403   18.69203   17.67201   16.65032   15.62688   14.60166   13.57465   12.54594   11.51569   10.48413    9.45163    8.41864    7.38571    6.35351    5.32283    4.29455    3.26964    3.23390    3.20470    3.18229    3.16700    3.15924    3.15946    3.16810    3.18558    3.21224    3.24831    3.29385    3.34882
   21.44181   21.41101   21.32102   21.23043   21.13914   21.04705   20.95407   20.86009   20.76500   20.66868   20.57099   20.47181   20.37100   20.26840   20.16386   20.05721   19.94828   19.83688   19.72283   19.60594   19.48600   19.36283   19.23623   19.10600   18.97199   18.83403   18.69203   17.67201   16.65032   15.62688   14.60166   13.57465   12.54594   11.51569   10.48413    9.45163    8.41864    7.38571    6.35351    5.32283    4.29455    3.26964    3.23390    3.20470    3.18229    3.16700    3.15924    3.15946    3.16810    3.18558    3.21224    3.24831    3.29385    3.34882

129600.0 5 120.15009199999986
   21.42854   21.39699   21.30468   21.21167   21.11785   21.02312   20.92736   20.83047   20.73232   20.63278   20.53174   20.42906   20.32461   20.21825   20.10984   19.99924   19.88633   19.77096   19.65303   19.53241   19.40901   19.28275   19.15356   19.02142   18.88633   18.74831   18.60743   17.60033   16.59254   15.58440   14.57628   13.56854   12.56157   11.55576   10.55152    9.54927    8.54942    7.55241    6.55868    5.56869    4.58287    3.60167    3.56807    3.54187    3.52304    3.51160    3.50748    3.51066    3.52105    3.53855    3.56306    3.59443    3.63249    3.67706
   21.42854   21.39699   21.30468   21.21167   21.11785   21.02312   20.92736   20.83047   20.73232   20.63278   20.53174   20.42906   20.32461   20.21825   20.10984   19.99924   19.88633   19.77096   19.65303   19.53241   19.40901   19.28275   19.15356   19.02142   18.88633   18.74831   18.60743   17.60033   16.59254   15.58440   14.57628   13.56854   12.56157   11.55576   10.55152    9.54927    8.54942    7.55241    6.55868    5.56869    4.58287    3.60167    3.56807    3.54187    3.52304    3.51160    3.50748    3.51066    3.52105    3.53855    3.56306    3.59443    3.63249    3.67706

136800.0 5 126.85747899999978
   21.41345   21.38105   21.28620   21.19058   21.09408   20.99660   20.89802   20.79824   20.69715   20.59464   20.49059   20.38490   20.27746   20.16818   20.05694   19.94367   19.82829   19.71071   19.59088   19.46876   19.34431   19.21752   19.08839   18.95696   18.82327   18.68740   18.54944   17.56590   16.58196   15.59798   14.61431   13.63131   12.64934   11.66877   10.68994    9.71322    8.73896    7.76751    6.79924    5.83446    4.87354    3.91680    3.88371    3.85718    3.83720    3.82374    3.81674    3.81616    3.82189    3.83385    3.85191    3.87593    3.90575    3.94121
   21.41345   21.38105   21.28620   21.19058   21.09408   20.99660   20.89802   20.79824   20.69715   20.59464   20.49059   20.38490   20.27746   20.16818   20.05694   19.94367   19.82829   19.71071   19.59088   19.46876   19.34431   19.21752   19.08839   18.95696   18.82327   18.68740   18.54944   17.56590   16.58196   15.59798   14.61431   13.63131   12.64934   11.66877   10.68994    9.71322    8.73896    7.76751    6.79924    5.83446    4.87354    3.91680    3.88371    3.85718    3.83720    3.82374    3.81674    3.81616    3.82189    3.83385    3.85191    3.87593    3.90575    3.94121

144000.0 5 133.48057599999993
   21.39745   21.36417   21.26674   21.16853   21.06943   20.96936   20.86820   20.76586   20.66224   20.55726   20.45083   20.34285   20.23326   20.12198   20.00895   19.89411   19.77740   19.65881   19.53829   19.41584   19.29146   19.16517   19.03698   18.90695   18.77514   18.64162   18.50649   17.54476   16.58276   15.62082   14.65924   13.69834   12.73844   11.77985   10.82287    9.86782    8.91500    7.96471    7.01725    6.07291    5.13199    4.19475    4.16200    4.13501    4.11379    4.09829    4.08848    4.08429    4.08566    4.09250    4.10468    4.12211    4.14463    4.17209
   21.39745   21.36417   21.26674   21.16853   21.06943   20.96936   20.86820   20.76586   20.66224   20.55726   20.45083   20.34285   20.23326   20.12198   20.00895   19.89411   19.77740   19.65881   19.53829   19.41584   19.29146   19.16517   19.03698   18.90695   18.77514   18.64162   18.50649   17.54476   16.58276   15.62082   14.65924   13.69834   12.73844   11.77985   10.82287    9.86782    8.91500    7.96471    7.01725    6.07291    5.13199    4.19475    4.16200    4.13501    4.11379    4.09829    4.08848    4.08429    4.08566    4.09250    4.10468    4.12211    4.14463    4.17209

151200.0 5 140.1242729999999
   21.38163   21.34749   21.24761   21.14698   21.04552   20.94312   20.83971   20.73519   20.62950   20.52255   20.41427   20.30461   20.19349   20.08087   19.96671   19.85096   19.73361   19.61463   19.49402   19.37178   19.24792   19.12247   18.99548   18.86698   18.73704   18.60573   18.47314   17.53057   16.58782   15.64516   14.70287   13.76122   12.82049   11.88095   10.94287   10.00650    9.07213    8.14001    7.21040    6.28354    5.35969    4.43909    4.40661    4.37921    4.35686    4.33955    4.32724    4.31987    4.31738    4.31969    4.32671    4.33832    4.35442    4.37486
   21.38163   21.34749   21.24761   21.14698   21.04552   20.94312   20.83971   20.73519   20.62950   20.52255   20.41427   20.30461   20.19349   20.08087   19.96671   19.85096   19.73361   19.61463   19.49402   19.37178   19.24792   19.12247   18.99548   18.86698   18.73704   18.60573   18.47314   17.53057   16.58782   15.64516   14.70287   13.76122   12.82049   11.88095   10.94287   10.00650    9.07213    8.14001    7.21040    6.28354    5.35969    4.43909    4.40661    4.37921    4.35686    4.33955    4.32724    4.31987    4.31738    4.31969    4.32671    4.33832    4.35442    4.37486

158400.0 5 146.7846599999998
   21.36677   21.33183   21.22971   21.12690   21.02333   20.91890   20.81356   20.70722   20.59981   20.49128   20.38157   20.27062   20.15840   20.04486   19.92998   19.81372   19.69608   19.57705   19.45663   19.33484   19.21168   19.08720   18.96143   18.83442   18.70623   18.57692   18.44658   17.52076   16.59483   15.66900   14.74354   13.81866   12.89462   11.97164   11.04997   10.12983    9.21146    8.29507    7.38091    6.46918    5.56009    4.65386    4.62162    4.59384    4.57050    4.55159    4.53707    4.52689    4.52101    4.51934    4.52181    4.52832    4.53877    4.55304
   21.36677   21.33183   21.22971   21.12690   21.02333   20.91890   20.81356   20.70722   20.59981   20.49128   20.38157   20.27062   20.15840   20.04486   19.92998   19.81372   19.69608   19.57705   19.45663   19.33484   19.21168   19.08720   18.96143   18.83442   18.70623   18.57692   18.44658   17.52076   16.59483   15.66900   14.74354   13.81866   12.89462   11.97164   11.04997   10.12983    9.21146    8.29507    7.38091    6.46918    5.56009    4.65386    4.62162    4.59384    4.57050    4.55159    4.53707    4.52689    4.52101    4.51934    4.52181    4.52832    4.53877    4.55304

165600.0 0 153.32106999999996
   21.35326   21.31760   21.21348   21.10875   21.00332   20.89715   20.79015   20.68226   20.57344   20.46362   20.35277   20.24084   20.12779   20.01360   19.89825   19.78171   19.66399   19.54507   19.42497   19.30369   19.18125   19.05768   18.93299   18.80722   18.68038   18.55249   18.42356   17.50743   16.59083   15.67370   14.75593   13.83742   12.91800   11.99751   11.07569   10.15229    9.22698    8.29937    7.36905    6.43552    5.49828    4.55676    4.51724    4.47057    4.41662    4.35527    4.28633    4.20962    4.12498    4.03225    3.93135    3.82225    3.70499    3.57972
   21.35326   21.31760   21.21348   21.10875   21.00332   20.89715   20.79015   20.68226   20.57344   20.46362   20.35277   20.24084   20.12779   20.01360   19.89825   19.78171   19.66399   19.54507   19.42497   19.30369   19.18125   19.05768   18.93299   18.80722   18.68038   18.55249   18.42356   17.50743   16.59083   15.67370   14.75593   13.83742   12.91800   11.99751   11.07569   10.15229    9.22698    8.29937    7.36905    6.43552    5.49828    4.55676    4.51724    4.47057    4.41662    4.35527    4.28633    4.20962    4.12498    4.03225    3.93135    3.82225    3.70499    3.57972

172800.0 0 159.8963329999997
   21.34125   21.30495   21.19907   21.09264   20.98561   20.87792   20.76950   20.66030   20.55028   20.43938   20.32757   20.21481   20.10107   19.98630   19.87050   19.75363   19.63566   19.51659   19.39638   19.27501   19.15246   19.02870   18.90369   18.77738   18.64972   18.52065   18.39007   17.46043   16.52992   15.59825   14.66517   13.73038   12.79361   11.85456   10.91296    9.96849    9.02088    8.06982    7.11502    6.15617    5.19300    4.22521    4.18469    4.13703    4.08225    4.02037    3.95145    3.87554    3.79273    3.70312    3.60684    3.50403    3.39486    3.27951
   21.34125   21.30495   21.19907   21.09264   20.98561   20.87792   20.76950   20.66030   20.55028   20.43938   20.32757   20.21481   20.10107   19.98630   19.87050   19.75363   19.63566   19.51659   19.39638   19.27501   19.15246   19.02870   18.90369   18.77738   18.64972   18.52065   18.39007   17.46043   16.52992   15.59825   14.66517   13.73038   12.79361   11.85456   10.91296    9.96849    9.02088    8.06982    7.11502    6.15617    5.19300    4.22521    4.18469    4.13703    4.08225    4.02037    3.95145    3.87554    3.79273    3.70312    3.60684    3.50403    3.39486    3.27951

180000.0 -5 166.4831519999998
   21.33063   21.29377   21.18632   21.07840   20.96993   20.86086   20.75114   20.64072   20.52955   20.41757   20.30475   20.19103   20.07639   19.96076   19.84411   19.72640   19.60759   19.48761   19.36644   19.24401   19.12026   18.99513   18.86854   18.74039   18.61059   18.47901   18.34550   17.39317   16.43951   15.48398   14.52601   13.56503   12.60042   11.63154   10.65769    9.67815    8.69215    7.69887    6.69746    5.68701    4.66659    3.63523    3.58705    3.52146    3.43839    3.33773    3.21941    3.08334    2.92948    2.75786    2.56858    2.36181    2.13786    1.89713
   21.33063   21.29377   21.18632   21.07840   20.96993   20.86086   20.75114   20.64072   20.52955   20.41757   20.30475   20.19103   20.07639   19.96076   19.84411   19.72640   19.60759   19.48761   19.36644   19.24401   19.12026   18.99513   18.86854   18.74039   18.61059   18.47901   18.34550   17.39317   16.43951   15.48398   14.52601   13.56503   12.60042   11.63154   10.65769    9.67815    8.69215    7.69887    6.69746    5.68701    4.66659    3.63523    3.58705    3.52146    3.43839    3.33773    3.21941    3.08334    2.92948    2.75786    2.56858    2.36181    2.13786    1.89713

187200.0 -5 173.22010499999988
   21.32103   21.28364   21.17474   21.06539   20.95554   20.84512   20.73408   20.62237   20.50993   20.39670   20.28264   20.16768   20.05176   19.93483   19.81682   19.69767   19.57729   19.45560   19.33253   19.20795   19.08177   18.95385   18.82406   18.69223   18.55819   18.42174   18.28266   17.28811   16.29180   15.29304   14.29116   13.28546   12.27526   11.25988   10.23863    9.21083    8.17580    7.13287    6.08137    5.02066    3.95008    2.86901    2.81954    2.75392    2.67217    2.57437    2.46064    2.33113    2.18605    2.02565    1.85022    1.66009    1.45564    1.23730
   21.32103   21.28364   21.17474   21.06539   20.95554   20.84512   20.73408   20.62237   20.50993   20.39670   20.28264   20.16768   20.05176   19.93483   19.81682   19.69767   19.57729   19.45560   19.33253   19.20795   19.08177   18.95385   18.82406   18.69223   18.55819   18.42174   18.28266   17.28811   16.29180   15.29304   14.29116   13.28546   12.27526   11.25988   10.23863    9.21083    8.17580    7.13287    6.08137    5.02066    3.95008    2.86901    2.81954    2.75392    2.67217    2.57437    2.46064    2.33113    2.18605    2.02565    1.85022    1.66009    1.45564    1.23730

194400.0 -5 179.8468029999999
   21.31185   21.27396   21.16361   21.05282   20.94151   20.82964   20.71714   20.60393   20.48997   20.37518   20.25949   20.14283   20.02511   19.90626   19.78619   19.66479   19.54197   19.41762   19.29161   19.16382   19.03409   18.90229   18.76824   18.63177   18.49268   18.35079   18.20588   17.16867   16.12963   15.08813   14.04358   12.99535   11.94285   10.88547    9.82264    8.75375    7.67823    6.59552    5.50507    4.40634    3.29879    2.18193    2.13206    2.06792    1.98954    1.89699    1.79039    1.66988    1.53566    1.38795    1.22703    1.05318    0.86676    0.66813
   21.31185   21.27396   21.16361   21.05282   20.94151   20.82964   20.71714   20.60393   20.48997   20.37518   20.25949   20.14283   20.02511   19.90626   19.78619   19.66479   19.54197   19.41762   19.29161   19.16382   19.03409   18.90229   18.76824   18.63177   18.49268   18.35079   18.20588   17.16867   16.12963   15.08813   14.04358   12.99535   11.94285   10.88547    9.82264    8.75375    7.67823    6.59552    5.50507    4.40634    3.29879    2.18193    2.13206    2.06792    1.98954    1.89699    1.79039    1.66988    1.53566    1.38795    1.22703    1.05318    0.86676    0.66813

201600.0 -5 186.45967100000007
   21.30245   21.26404   21.15214   21.03976   20.92684   20.81331   20.69909   20.58411   20.46830   20.35157   20.23384   20.11502   19.99501   19.87372   19.75104   19.62687   19.50107   19.37353   19.24411   19.11268   18.97908   18.84316   18.70475   18.56369   18.41979   18.27288   18.12275   17.04804   15.97150   14.89262   13.81086   12.72569   11.63660   10.54306    9.44458    8.34064    7.23076    6.11445    4.99124    3.86067    2.72230    1.57570    1.52556    1.46284    1.38757    1.29980    1.19965    1.08724    0.96274    0.82636    0.67832    0.51891    0.34841    0.16716
   21.30245   21.26404   21.15214   21.03976   20.92684   20.81331   20.69909   20.58411   20.46830   20.35157   20.23384   20.11502   19.99501   19.87372   19.75104   19.62687   19.50107   19.37353   19.24411   19.11268   18.97908   18.84316   18.70475   18.56369   18.41979   18.27288   18.12275   17.04804   15.97150   14.89262   13.81086   12.72569   11.63660   10.54306    9.44458    8.34064    7.23076    6.11445    4.99124    3.86067    2.72230    1.57570    1.52556    1.46284    1.38757    1.29980    1.19965    1.08724    0.96274    0.82636    0.67832    0.51891    0.34841    0.16716

208800.0 5 193.01433199999974
   21.29226   21.25328   21.13967   21.02553   20.91079   20.79537   20.67919   20.56217   20.44422   20.32526   20.20519   20.08390   19.96130   19.83729   19.71174   19.58453   19.45556   19.32469   19.19179   19.05672   18.91936   18.77956   18.63721   18.49219   18.34439   18.19373   18.04017   16.94295   15.84471   14.74557   13.64567   12.54522   11.44448   10.34379    9.24359    8.14439    7.04684    5.95165    4.85968    3.77186    2.68924    1.61293    1.57755    1.55322    1.54017    1.53872    1.54923    1.57211    1.60775    1.65649    1.71858    1.79414    1.88317    1.98545
   21.29226   21.25328   21.13967   21.02553   20.91079   20.79537   20.67919   20.56217   20.44422   20.32526   20.20519   20.08390   19.96130   19.83729   19.71174   19.58453   19.45556   19.32469   19.19179   19.05672   18.91936   18.77956   18.63721   18.49219   18.34439   18.19373   18.04017   16.94295   15.84471   14.74557   13.64567   12.54522   11.44448   10.34379    9.24359    8.14439    7.04684    5.95165    4.85968    3.77186    2.68924    1.61293    1.57755    1.55322    1.54017    1.53872    1.54923    1.57211    1.60775    1.65649    1.71858    1.79414    1.88317    1.98545

216000.0 5 199.55928099999983
   21.28103   21.24141   21.12590   21.00981   20.89307   20.77557   20.65726   20.53802   20.41778   20.29644   20.17391   20.05010   19.92491   19.79824   19.67000   19.54010   19.40846   19.27500   19.13964   19.00233   18.86303   18.72172   18.57840   18.43309   18.28586   18.13679   17.98601   16.91342   15.84076   14.76854   13.69730   12.62755   11.55986   10.49477    9.43285    8.37465    7.32077    6.27179    5.22828    4.19084    3.16005    2.13649    2.10332    2.08152    2.07106    2.07193    2.08404    2.10732    2.14162    2.18680    2.24265    2.30897    2.38547    2.47188
   21.28103   21.24141   21.12590   21.00981   20.89307   20.77557   20.65726   20.53802   20.41778   20.29644   20.17391   20.05010   19.92491   19.79824   19.67000   19.54010   19.40846   19.27500   19.13964   19.00233   18.86303   18.72172   18.57840   18.43309   18.28586   18.13679   17.98601   16.91342   15.84076   14.76854   13.69730   12.62755   11.55986   10.49477    9.43285    8.37465    7.32077    6.27179    5.22828    4.19084    3.16005    2.13649    2.10332    2.08152    2.07106    2.07193    2.08404    2.10732    2.14162    2.18680    2.24265    2.30897    2.38547    2.47188

223200.0 5 206.11175999999978
   21.26885   21.22856   21.11104   20.99292   20.87411   20.75453   20.63410   20.51273   20.39036   20.26691   20.14229   20.01644   19.88929   19.76078   19.63085   19.49947   19.36658   19.23218   19.09625   18.95879   18.81983   18.67940   18.53756   18.39441   18.25003   18.10456   17.95814   16.91923   15.88051   14.84250   13.80568   12.77055   11.73762   10.70737    9.68031    8.65692    7.63770    6.62311    5.61364    4.60976    3.61191    2.62054    2.58793    2.56539    2.55289    2.55039    2.55781    2.57506    2.60199    2.63846    2.68426    2.73920    2.80304    2.87550
   21.26885   21.22856   21.11104   20.99292   20.87411   20.75453   20.63410   20.51273   20.39036   20.26691   20.14229   20.01644   19.88929   19.76078   19.63085   19.49947   19.36658   19.23218   19.09625   18.95879   18.81983   18.67940   18.53756   18.39441   18.25003   18.10456   17.95814   16.91923   15.88051   14.84250   13.80568   12.77055   11.73762   10.70737    9.68031    8.65692    7.63770    6.62311    5.61364    4.60976    3.61191    2.62054    2.58793    2.56539    2.55289    2.55039    2.55781    2.57506    2.60199    2.63846    2.68426    2.73920    2.80304    2.87550

230400.0 5 212.6601929999997
   21.25644   21.21547   21.09601   20.97596   20.85525   20.73380   20.61155   20.48843   20.36437   20.23933   20.11325   19.98608   19.85778   19.72833   19.59768   19.46584   19.33280   19.19856   19.06315   18.92661   18.78897   18.65030   18.51068   18.37020   18.22898   18.08713   17.94479   16.93643   15.92837   14.92106   13.91493   12.91041   11.90795   10.90796    9.91089    8.91714    7.92714    6.94131    5.96003    4.98372    4.01275    3.04750    3.01527    2.99190    2.97737    2.97164    2.97465    2.98629    3.00645    3.03500    3.07176    3.11656    3.16917    3.22937
   21.25644   21.21547   21.09601   20.97596   20.85525   20.73380   20.61155   20.48843   20.36437   20.23933   20.11325   19.98608   19.85778   19.72833   19.59768   19.46584   19.33280   19.19856   19.06315   18.92661   18.78897   18.65030   18.51068   18.37020   18.22898   18.08713   17.94479   16.93643   15.92837   14.92106   13.91493   12.91041   11.90795   10.90796    9.91089    8.91714    7.92714    6.94131    5.96003    4.98372    4.01275    3.04750    3.01527    2.99190    2.97737    2.97164    2.97465    2.98629    3.00645    3.03500    3.07176    3.11656    3.16917    3.22937

237600.0 5 219.22850299999982
   21.24474   21.20315   21.08194   20.96020   20.83786   20.71487   20.59117   20.46670   20.34143   20.21531   20.08831   19.96039   19.83155   19.70176   19.57102   19.43933   19.30672   19.17320   19.03881   18.90360   18.76762   18.63095   18.49366   18.35585   18.21761   18.07908   17.94036   16.95870   15.97740   14.99684   14.01741   13.03947   12.06340   11.08959   10.11839    9.15018    8.18531    7.22415    6.26703    5.31430    4.36629    3.42332    3.39140    3.36727    3.35093    3.34232    3.34141    3.34809    3.36228    3.38384    3.41263    3.44848    3.49122    3.54063
   21.24474   21.20315   21.08194   20.96020   20.83786   20.71487   20.59117   20.46670   20.34143   20.21531   20.08831   19.96039   19.83155   19.70176   19.57102   19.43933   19.30672   19.17320   19.03881   18.90360   18.76762   18.63095   18.49366   18.35585   18.21761   18.07908   17.94036   16.95870   15.97740   14.99684   14.01741   13.03947   12.06340   11.08959   10.11839    9.15018    8.18531    7.22415    6.26703    5.31430    4.36629    3.42332    3.39140    3.36727    3.35093    3.34232    3.34141    3.34809    3.36228    3.38384    3.41263    3.44848    3.49122    3.54063

244800.0 5 225.7783489999997
   21.23441   21.19227   21.06957   20.94642   20.82276   20.69855   20.57374   20.44829   20.32217   20.19536   20.06783   19.93957   19.81057   19.68083   19.55035   19.41916   19.28727   19.15472   19.02156   18.88782   18.75358   18.61889   18.48385   18.34853   18.21303   18.07746   17.94192   16.98352   16.02550   15.06820   14.11195   13.15708   12.20391   11.25277   10.30398    9.35785    8.41470    7.47484    6.53856    5.60616    4.67793    3.75414    3.72247    3.69766    3.67970    3.66856    3.66418    3.66650    3.67541    3.69082    3.71258    3.74057    3.77461    3.81453
   21.23441   21.19227   21.06957   20.94642   20.82276   20.69855   20.57374   20.44829   20.32217   20.19536   20.06783   19.93957   19.81057   19.68083   19.55035   19.41916   19.28727   19.15472   19.02156   18.88782   18.75358   18.61889   18.48385   18.34853   18.21303   18.07746   17.94192   16.98352   16.02550   15.06820   14.11195   13.15708   12.20391   11.25277   10.30398    9.35785    8.41470    7.47484    6.53856    5.60616    4.67793    3.75414    3.72247    3.69766    3.67970    3.66856    3.66418    3.66650    3.67541    3.69082    3.71258    3.74057    3.77461    3.81453

252000.0 0 232.32315100000005
   21.22572   21.18312   21.05921   20.93493   20.81024   20.68510   20.55947   20.43334   20.30667   20.17945   20.05168   19.92334   19.79443   19.66496   19.53495   19.40442   19.27340   19.14191   19.01001   18.87773   18.74514   18.61229   18.47924   18.34605   18.21277   18.07946   17.94614   17.00300   16.05989   15.11679   14.17371   13.23060   12.28738   11.34395   10.40015    9.45577    8.51056    7.56422    6.61637    5.66662    4.71449    3.75948    3.72055    3.67658    3.62746    3.57304    3.51313    3.44752    3.37602    3.29844    3.21466    3.12459    3.02824    2.92568
   21.22572   21.18312   21.05921   20.93493   20.81024   20.68510   20.55947   20.43334   20.30667   20.17945   20.05168   19.92334   19.79443   19.66496   19.53495   19.40442   19.27340   19.14191   19.01001   18.87773   18.74514   18.61229   18.47924   18.34605   18.21277   18.07946   17.94614   17.00300   16.05989   15.11679   14.17371   13.23060   12.28738   11.34395   10.40015    9.45577    8.51056    7.56422    6.61637    5.66662    4.71449    3.75948    3.72055    3.67658    3.62746    3.57304    3.51313    3.44752    3.37602    3.29844    3.21466    3.12459    3.02824    2.92568

259200.0 0 238.8746259999998
   21.21871   21.17575   21.05090   20.92575   20.80027   20.67444   20.54824   20.42165   20.29464   20.16721   20.03935   19.91106   19.78233   19.65318   19.52361   19.39363   19.26325   19.13249   19.00136   18.86986   18.73801   18.60580   18.47324   18.34030   18.20697   18.07320   17.93895   16.98709   16.03482   15.08193   14.12821   13.17344   12.21742   11.25991   10.30069    9.33952    8.37618    7.41041    6.44200    5.47068    4.49623    3.51841    3.47846    3.43327    3.38282    3.32714    3.26626    3.20022    3.12909    3.05293    2.97183    2.88590    2.79526    2.70004
   21.21871   21.17575   21.05090   20.92575   20.80027   20.67444   20.54824   20.42165   20.29464   20.16721   20.03935   19.91106   19.78233   19.65318   19.52361   19.39363   19.26325   19.13249   19.00136   18.86986   18.73801   18.60580   18.47324   18.34030   18.20697   18.07320   17.93895   16.98709   16.03482   15.08193   14.12821   13.17344   12.21742   11.25991   10.30069    9.33952    8.37618    7.41041    6.44200    5.47068    4.49623    3.51841    3.47846    3.43327    3.38282    3.32714    3.26626    3.20022    3.12909    3.05293    2.97183    2.88590    2.79526    2.70004

266400.0 -5 245.4614929999998
   21.21322   21.16998   21.04438   20.91856   20.79247   20.66611   20.53945   20.41247   20.28516   20.15749   20.02947   19.90108   19.77230   19.64313   19.51356   19.38358   19.25318   19.12234   18.99104   18.85927   18.72699   18.59417   18.46076   18.32669   18.19189   18.05626   17.91966   16.94922   15.97789   15.00517   14.03057   13.05356   12.07358   11.09004   10.10230    9.10970    8.11150    7.10695    6.09522    5.07548    4.04683    3.00834    2.96073    2.89739    2.81821    2.72310    2.61194    2.48466    2.34118    2.18151    2.00570    1.81391    1.60639    1.38351
   21.21322   21.16998   21.04438   20.91856   20.79247   20.66611   20.53945   20.41247   20.28516   20.15749   20.02947   19.90108   19.77230   19.64313   19.51356   19.38358   19.25318   19.12234   18.99104   18.85927   18.72699   18.59417   18.46076   18.32669   18.19189   18.05626   17.91966   16.94922   15.97789   15.00517   14.03057   13.05356   12.07358   11.09004   10.10230    9.10970    8.11150    7.10695    6.09522    5.07548    4.04683    3.00834    2.96073    2.89739    2.81821    2.72310    2.61194    2.48466    2.34118    2.18151    2.00570    1.81391    1.60639    1.38351

273600.0 -5 252.01801999999998
   21.20879   21.16531   21.03909   20.91267   20.78603   20.65914   20.53199   20.40454   20.27679   20.14870   20.02026   19.89144   19.76221   19.63254   19.50241   19.37176   19.24057   19.10878   18.97633   18.84314   18.70914   18.57421   18.43825   18.30112   18.16267   18.02272   17.88108   16.87193   15.86143   14.84894   13.83383   12.81546   11.79320   10.76640    9.73443    8.69664    7.65241    6.60110    5.54208    4.47475    3.39850    2.31272    2.26383    2.20025    2.12200    2.02916    1.92183    1.80015    1.66430    1.51451    1.35104    1.17420    0.98434    0.78183
   21.20879   21.16531   21.03909   20.91267   20.78603   20.65914   20.53199   20.40454   20.27679   20.14870   20.02026   19.89144   19.76221   19.63254   19.50241   19.37176   19.24057   19.10878   18.97633   18.84314   18.70914   18.57421   18.43825   18.30112   18.16267   18.02272   17.88108   16.87193   15.86143   14.84894   13.83383   12.81546   11.79320   10.76640    9.73443    8.69664    7.65241    6.60110    5.54208    4.47475    3.39850    2.31272    2.26383    2.20025    2.12200    2.02916    1.92183    1.80015    1.66430    1.51451    1.35104    1.17420    0.98434    0.78183

280800.0 -5 258.8895849999999
   21.20479   21.16110   21.03425   20.90720   20.77993   20.65240   20.52459   20.39647   20.26800   20.13915   20.00987   19.88013   19.74987   19.61905   19.48760   19.35547   19.22256   19.08881   18.95411   18.81837   18.68146   18.54326   18.40363   18.26242   18.11945   17.97454   17.82751   16.77869   15.72843   14.67614   13.62126   12.56322   11.50145   10.43541    9.36452    8.28825    7.20605    6.11740    5.02178    3.91867    2.80759    1.68805    1.63875    1.57647    1.50124    1.41313    1.31224    1.19871    1.07270    0.93443    0.78414    0.62210    0.44862    0.26404
   21.20479   21.16110   21.03425   20.90720   20.77993   20.65240   20.52459   20.39647   20.26800   20.13915   20.00987   19.88013   19.74987   19.61905   19.48760   19.35547   19.22256   19.08881   18.95411   18.81837   18.68146   18.54326   18.40363   18.26242   18.11945   17.97454   17.82751   16.77869   15.72843   14.67614   13.62126   12.56322   11.50145   10.43541    9.36452    8.28825    7.20605    6.11740    5.02178    3.91867    2.80759    1.68805    1.63875    1.57647    1.50124    1.41313    1.31224    1.19871    1.07270    0.93443    0.78414    0.62210    0.44862    0.26404

288000.0 -5 265.42913599999974
   21.20052   21.15659   21.02900   20.90118   20.77309   20.64470   20.51597   20.38686   20.25732   20.12730   19.99674   19.86560   19.73379   19.60126   19.46792   19.33369   19.19849   19.06221   18.92474   18.78597   18.64577   18.50402   18.36056   18.21524   18.06791   17.91840   17.76654   16.68276   15.59753   14.51034   13.42071   12.32815   11.23216   10.13227    9.02800    7.91887    6.80443    5.68422    4.55780    3.42473    2.28460    1.13701    1.08742    1.02640    0.95396    0.87018    0.77512    0.66893    0.55175    0.42376    0.28518    0.13625   -0.02275   -0.19153
   21.20052   21.15659   21.02900   20.90118   20.77309   20.64470   20.51597   20.38686   20.25732   20.12730   19.99674   19.86560   19.73379   19.60126   19.46792   19.33369   19.19849   19.06221   18.92474   18.78597   18.64577   18.50402   18.36056   18.21524   18.06791   17.91840   17.76654   16.68276   15.59753   14.51034   13.42071   12.32815   11.23216   10.13227    9.02800    7.91887    6.80443    5.68422    4.55780    3.42473    2.28460    1.13701    1.08742    1.02640    0.95396    0.87018    0.77512    0.66893    0.55175    0.42376    0.28518    0.13625   -0.02275   -0.19153

295200.0 5 271.9480279999998
   21.19540   21.15116   21.02265   20.89385   20.76473   20.63524   20.50532   20.37493   20.24401   20.11250   19.98033   19.84744   19.71374   19.57917   19.44363   19.30704   19.16929   19.03028   18.88992   18.74808   18.60465   18.45953   18.31259   18.16376   18.01293   17.86004   17.70508   16.60094   15.49614   14.39080   13.28512   12.17931   11.07367    9.96857    8.86447    7.76192    6.66158    5.56419    4.47064    3.38187    2.29896    1.22305    1.18820    1.16542    1.15493    1.15704    1.17212    1.20055    1.24271    1.29892    1.36941    1.45430    1.55354    1.66690
   21.19540   21.15116   21.02265   20.89385   20.76473   20.63524   20.50532   20.37493   20.24401   20.11250   19.98033   19.84744   19.71374   19.57917   19.44363   19.30704   19.16929   19.03028   18.88992   18.74808   18.60465   18.45953   18.31259   18.16376   18.01293   17.86004   17.70508   16.60094   15.49614   14.39080   13.28512   12.17931   11.07367    9.96857    8.86447    7.76192    6.66158    5.56419    4.47064    3.38187    2.29896    1.22305    1.18820    1.16542    1.15493    1.15704    1.17212    1.20055    1.24271    1.29892    1.36941    1.45430    1.55354    1.66690

302400.0 5 278.5014879999999
   21.18911   21.14451   21.01488   20.88490   20.75453   20.62372   20.49241   20.36054   20.22805   20.09487   19.96095   19.82622   19.69060   19.55402   19.41643   19.27776   19.13793   18.99690   18.85462   18.71106   18.56618   18.42000   18.27252   18.12379   17.97388   17.82291   17.67100   16.59332   15.51589   14.43926   13.36397   12.29058   11.21966   10.15179    9.08755    8.02753    6.97233    5.92256    4.87881    3.84170    2.81183    1.78979    1.75714    1.73675    1.72861    1.73267    1.74887    1.77709    1.81721    1.86904    1.93239    2.00699    2.09258    2.18883
   21.18911   21.14451   21.01488   20.88490   20.75453   20.62372   20.49241   20.36054   20.22805   20.09487   19.96095   19.82622   19.69060   19.55402   19.41643   19.27776   19.13793   18.99690   18.85462   18.71106   18.56618   18.42000   18.27252   18.12379   17.97388   17.82291   17.67100   16.59332   15.51589   14.43926   13.36397   12.29058   11.21966   10.15179    9.08755    8.02753    6.97233    5.92256    4.87881    3.84170    2.81183    1.78979    1.75714    1.73675    1.72861    1.73267    1.74887    1.77709    1.81721    1.86904    1.93239    2.00699    2.09258    2.18883

309600.0 5 285.0678029999999
   21.18175   21.13674   21.00585   20.87459   20.74289   20.61072   20.47801   20.34472   20.21080   20.07619   19.94084   19.80472   19.66778   19.52999   19.39130   19.25171   19.11120   18.96976   18.82741   18.68416   18.54007   18.39518   18.24957   18.10335   17.95661   17.80951   17.66220   16.61973   15.57776   14.53682   13.49741   12.46007   11.42530   10.39363    9.36557    8.34162    7.32229    6.30808    5.29948    4.29696    3.30100    2.31206    2.27995    2.25870    2.24829    2.24867    2.25975    2.28142    2.31354    2.35593    2.40841    2.47073    2.54264    2.62386
   21.18175   21.13674   21.00585   20.87459   20.74289   20.61072   20.47801   20.34472   20.21080   20.07619   19.94084   19.80472   19.66778   19.52999   19.39130   19.25171   19.11120   18.96976   18.82741   18.68416   18.54007   18.39518   18.24957   18.10335   17.95661   17.80951   17.66220   16.61973   15.57776   14.53682   13.49741   12.46007   11.42530   10.39363    9.36557    8.34162    7.32229    6.30808    5.29948    4.29696    3.30100    2.31206    2.27995    2.25870    2.24829    2.24867    2.25975    2.28142    2.31354    2.35593    2.40841    2.47073    2.54264    2.62386

316800.0 5 291.60407799999984
   21.17401   21.12858   20.99647   20.86400   20.73112   20.59778   20.46394   20.32957   20.19463   20.05909   19.92292   19.78610   19.64861   19.51045   19.37161   19.23210   19.09194   18.95116   18.80980   18.66790   18.52554   18.38279   18.23974   18.09650   17.95320   17.80996   17.66693   16.65629   15.64624   14.63725   13.62975   12.62421   11.62107   10.62077    9.62378    8.63051    7.64140    6.65688    5.67736    4.70326    3.73497    2.77287    2.74112    2.71894    2.70629    2.70315    2.70942    2.72502    2.74982    2.78366    2.82636    2.87773    2.93753    3.00552
   21.17401   21.12858   20.99647   20.86400   20.73112   20.59778   20.46394   20.32957   20.19463   20.05909   19.92292   19.78610   19.64861   19.51045   19.37161   19.23210   19.09194   18.95116   18.80980   18.66790   18.52554   18.38279   18.23974   18.09650   17.95320   17.80996   17.66693   16.65629   15.64624   14.63725   13.62975   12.62421   11.62107   10.62077    9.62378    8.63051    7.64140    6.65688    5.67736    4.70326    3.73497    2.77287    2.74112    2.71894    2.70629    2.70315    2.70942    2.72502    2.74982    2.78366    2.82636    2.87773    2.93753    3.00552

324000.0 5 298.1551099999997
   21.16683   21.12102   20.98786   20.85439   20.72057   20.58636   20.45174   20.31667   20.18115   20.04515   19.90866   19.77168   19.63422   19.49627   19.35786   19.21902   19.07977   18.94016   18.80025   18.66009   18.51977   18.37935   18.23894   18.09865   17.95858   17.81885   17.67962   16.69675   15.71451   14.73330   13.75350   12.77551   11.79972   10.82652    9.85629    8.88940    7.92623    6.96714    6.01249    5.06264    4.11793    3.17867    3.14721    3.12417    3.10953    3.10325    3.10527    3.11550    3.13382    3.16010    3.19419    3.23590    3.28504    3.34139
   21.16683   21.12102   20.98786   20.85439   20.72057   20.58636   20.45174   20.31667   20.18115   20.04515   19.90866   19.77168   19.63422   19.49627   19.35786   19.21902   19.07977   18.94016   18.80025   18.66009   18.51977   18.37935   18.23894   18.09865   17.95858   17.81885   17.67962   16.69675   15.71451   14.73330   13.75350   12.77551   11.79972   10.82652    9.85629    8.88940    7.92623    6.96714    6.01249    5.06264    4.11793    3.17867    3.14721    3.12417    3.10953    3.10325    3.10527    3.11550    3.13382    3.16010    3.19419    3.23590    3.28504    3.34139

331200.0 5 304.71120599999995
   21.16084   21.11472   20.98075   20.84654   20.71205   20.57726   20.44216   20.30674   20.17098   20.03487   19.89844   19.76167   19.62458   19.48720   19.34956   19.21168   19.07360   18.93539   18.79710   18.65879   18.52053   18.38242   18.24453   18.10698   17.96986   17.83328   17.69737   16.73864   15.78055   14.82344   13.86766   12.91354   11.96142   11.01164   10.06452    9.12040    8.17959    7.24241    6.30917    5.38017    4.45571    3.53607    3.50484    3.48102    3.46461    3.45556    3.45382    3.45930    3.47191    3.49153    3.51803    3.55124    3.59099    3.63708
   21.16084   21.11472   20.98075   20.84654   20.71205   20.57726   20.44216   20.30674   20.17098   20.03487   19.89844   19.76167   19.62458   19.48720   19.34956   19.21168   19.07360   18.93539   18.79710   18.65879   18.52053   18.38242   18.24453   18.10698   17.96986   17.83328   17.69737   16.73864   15.78055   14.82344   13.86766   12.91354   11.96142   11.01164   10.06452    9.12040    8.17959    7.24241    6.30917    5.38017    4.45571    3.53607    3.50484    3.48102    3.46461    3.45556    3.45382    3.45930    3.47191    3.49153    3.51803    3.55124    3.59099    3.63708

338400.0 0 311.26411599999983
   21.15632   21.10997   20.97544   20.84073   20.70583   20.57074   20.43543   20.29990   20.16417   20.02822   19.89208   19.75576   19.61928   19.48266   19.34595   19.20917   19.07238   18.93563   18.79897   18.66246   18.52617   18.39017   18.25454   18.11933   17.98462   17.85046   17.71688   16.77415   15.83167   14.88946   13.94751   13.00580   12.06426   11.12278   10.18122    9.23939    8.29703    7.35384    6.40947    5.46352    4.51551    3.56497    3.52645    3.48340    3.43568    3.38315    3.32560    3.26283    3.19464    3.12083    3.04127    2.95586    2.86459    2.76755
   21.15632   21.10997   20.97544   20.84073   20.70583   20.57074   20.43543   20.29990   20.16417   20.02822   19.89208   19.75576   19.61928   19.48266   19.34595   19.20917   19.07238   18.93563   18.79897   18.66246   18.52617   18.39017   18.25454   18.11933   17.98462   17.85046   17.71688   16.77415   15.83167   14.88946   13.94751   13.00580   12.06426   11.12278   10.18122    9.23939    8.29703    7.35384    6.40947    5.46352    4.51551    3.56497    3.52645    3.48340    3.43568    3.38315    3.32560    3.26283    3.19464    3.12083    3.04127    2.95586    2.86459    2.76755

345600.0 0 317.8357139999998
   21.15331   21.10681   20.97195   20.83698   20.70190   20.56671   20.43140   20.29597   20.16045   20.02482   19.88911   19.75334   19.61752   19.48168   19.34584   19.21003   19.07428   18.93861   18.80306   18.66764   18.53238   18.39729   18.26237   18.12762   17.99302   17.85853   17.72412   16.77325   15.82219   14.87074   13.91870   12.96586   12.01200   11.05692   10.10039    9.14218    8.18208    7.21984    6.25522    5.28800    4.31794    3.34479    3.30525    3.26089    3.21171    3.15773    3.09898    3.03549    2.96732    2.89453    2.81720    2.73544    2.64933    2.55902
   21.15331   21.10681   20.97195   20.83698   20.70190   20.56671   20.43140   20.29597   20.16045   20.02482   19.88911   19.75334   19.61752   19.48168   19.34584   19.21003   19.07428   18.93861   18.80306   18.66764   18.53238   18.39729   18.26237   18.12762   17.99302   17.85853   17.72412   16.77325   15.82219   14.87074   13.91870   12.96586   12.01200   11.05692   10.10039    9.14218    8.18208    7.21984    6.25522    5.28800    4.31794    3.34479    3.30525    3.26089    3.21171    3.15773    3.09898    3.03549    2.96732    2.89453    2.81720    2.73544    2.64933    2.55902

352800.0 -5 324.39446899999984
   21.15163   21.10506   20.97005   20.83498   20.69987   20.56470   20.42948   20.29420   20.15889   20.02353   19.88815   19.75274   19.61732   19.48189   19.34646   19.21104   19.07563   18.94023   18.80483   18.66943   18.53401   18.39854   18.26297   18.12727   17.99135   17.85511   17.71844   16.74947   15.77980   14.80897   13.83647   12.86179   11.88437   10.90362    9.91892    8.92960    7.93493    6.93416    5.92647    4.91103    3.88694    2.85327    2.80605    2.74347    2.66544    2.57186    2.46262    2.33763    2.19680    2.04015    1.86771    1.67964    1.47617    1.25767
   21.15163   21.10506   20.97005   20.83498   20.69987   20.56470   20.42948   20.29420   20.15889   20.02353   19.88815   19.75274   19.61732   19.48189   19.34646   19.21104   19.07563   18.94023   18.80483   18.66943   18.53401   18.39854   18.26297   18.12727   17.99135   17.85511   17.71844   16.74947   15.77980   14.80897   13.83647   12.86179   11.88437   10.90362    9.91892    8.92960    7.93493    6.93416    5.92647    4.91103    3.88694    2.85327    2.80605    2.74347    2.66544    2.57186    2.46262    2.33763    2.19680    2.04015    1.86771    1.67964    1.47617    1.25767

360000.0 -5 330.960736
   21.15084   21.10423   20.96915   20.83405   20.69891   20.56375   20.42855   20.29333   20.15806   20.02276   19.88742   19.75202   19.61657   19.48105   19.34544   19.20973   19.07387   18.93783   18.80157   18.66502   18.52811   18.39075   18.25283   18.11422   17.97478   17.83433   17.69268   16.68537   15.67690   14.66664   13.65397   12.63824   11.61883   10.59510    9.56642    8.53215    7.49165    6.44431    5.38949    4.32659    3.25500    2.17413    2.12559    2.06272    1.98552    1.89406    1.78845    1.66882    1.53536    1.38827    1.22782    1.05431    0.86806    0.66946
   21.15084   21.10423   20.96915   20.83405   20.69891   20.56375   20.42855   20.29333   20.15806   20.02276   19.88742   19.75202   19.61657   19.48105   19.34544   19.20973   19.07387   18.93783   18.80157   18.66502   18.52811   18.39075   18.25283   18.11422   17.97478   17.83433   17.69268   16.68537   15.67690   14.66664   13.65397   12.63824   11.61883   10.59510    9.56642    8.53215    7.49165    6.44431    5.38949    4.32659    3.25500    2.17413    2.12559    2.06272    1.98552    1.89406    1.78845    1.66882    1.53536    1.38827    1.22782    1.05431    0.86806    0.66946

367200.0 -5 337.5309870000001
   21.15030   21.10367   20.96849   20.83328   20.69803   20.56273   20.42738   20.29195   20.15643   20.02082   19.88507   19.74918   19.61311   19.47681   19.34025   19.20337   19.06612   18.92842   18.79019   18.65133   18.51174   18.37130   18.22988   18.08732   17.94347   17.79815   17.65117   16.60449   15.55653   14.50674   13.45454   12.39938   11.34069   10.27791    9.21049    8.13790    7.05958    5.97501    4.88368    3.78508    2.67870    1.56409    1.51513    1.45349    1.37922    1.29236    1.19302    1.08133    0.95747    0.82162    0.67402    0.51496    0.34472    0.16364
   21.15030   21.10367   20.96849   20.83328   20.69803   20.56273   20.42738   20.29195   20.15643   20.02082   19.88507   19.74918   19.61311   19.47681   19.34025   19.20337   19.06612   18.92842   18.79019   18.65133   18.51174   18.37130   18.22988   18.08732   17.94347   17.79815   17.65117   16.60449   15.55653   14.50674   13.45454   12.39938   11.34069   10.27791    9.21049    8.13790    7.05958    5.97501    4.88368    3.78508    2.67870    1.56409    1.51513    1.45349    1.37922    1.29236    1.19302    1.08133    0.95747    0.82162    0.67402    0.51496    0.34472    0.16364

374400.0 -5 344.05679699999973
   21.14933   21.10262   20.96721   20.83173   20.69615   20.56047   20.42466   20.28870   20.15255   20.01619   19.87958   19.74267   19.60542   19.46777   19.32966   19.19101   19.05176   18.91180   18.77105   18.62939   18.48672   18.34290   18.19780   18.05127   17.90317   17.75332   17.60155   16.52012   15.43741   14.35292   13.26615   12.17663   11.08387    9.98738    8.88670    7.78134    6.67086    5.55480    4.43271    3.30417    2.16875    1.02604    0.97679    0.91636    0.84479    0.76213    0.66848    0.56395    0.44869    0.32287    0.18671    0.04045   -0.11566   -0.28131
   21.14933   21.10262   20.96721   20.83173   20.69615   20.56047   20.42466   20.28870   20.15255   20.01619   19.87958   19.74267   19.60542   19.46777   19.32966   19.19101   19.05176   18.91180   18.77105   18.62939   18.48672   18.34290   18.19780   18.05127   17.90317   17.75332   17.60155   16.52012   15.43741   14.35292   13.26615   12.17663   11.08387    9.98738    8.88670    7.78134    6.67086    5.55480    4.43271    3.30417    2.16875    1.02604    0.97679    0.91636    0.84479    0.76213    0.66848    0.56395    0.44869    0.32287    0.18671    0.04045   -0.11566   -0.28131

381600.0 5 350.62672900000007
   21.14732   21.10049   20.96463   20.82864   20.69250   20.55616   20.41960   20.28278   20.14567   20.00823   19.87039   19.73211   19.59332   19.45397   19.31397   19.17325   19.03173   18.88930   18.74589   18.60137   18.45565   18.30863   18.16020   18.01027   17.85875   17.70559   17.55076   16.44913   15.34699   14.24449   13.14179   12.03914   10.93682    9.83521    8.73477    7.63604    6.53969    5.44647    4.35724    3.27298    2.19473    1.12365    1.08911    1.06688    1.05718    1.06032    1.07666    1.10658    1.15046    1.20863    1.28129    1.36857    1.47040    1.58657
   21.14732   21.10049   20.96463   20.82864   20.69250   20.55616   20.41960   20.28278   20.14567   20.00823   19.87039   19.73211   19.59332   19.45397   19.31397   19.17325   19.03173   18.88930   18.74589   18.60137   18.45565   18.30863   18.16020   18.01027   17.85875   17.70559   17.55076   16.44913   15.34699   14.24449   13.14179   12.03914   10.93682    9.83521    8.73477    7.63604    6.53969    5.44647    4.35724    3.27298    2.19473    1.12365    1.08911    1.06688    1.05718    1.06032    1.07666    1.10658    1.15046    1.20863    1.28129    1.36857    1.47040    1.58657

388800.0 5 357.187011
   21.14398   21.09695   20.96043   20.82371   20.68675   20.54952   20.41198   20.27409   20.13580   19.99707   19.85784   19.71807   19.57769   19.43665   19.29489   19.15237   19.00903   18.86482   18.71970   18.57366   18.42666   18.27873   18.12988   17.98015   17.82964   17.67844   17.52670   16.45164   15.37698   14.30326   13.23104   12.16087   11.09332   10.02898    8.96842    7.91223    6.86102    5.81538    4.77593    3.74326    2.71799    1.70069    1.66833    1.64844    1.64102    1.64601    1.66335    1.69292    1.73459    1.78818    1.85347    1.93021    2.01813    2.11689
   21.14398   21.09695   20.96043   20.82371   20.68675   20.54952   20.41198   20.27409   20.13580   19.99707   19.85784   19.71807   19.57769   19.43665   19.29489   19.15237   19.00903   18.86482   18.71970   18.57366   18.42666   18.27873   18.12988   17.98015   17.82964   17.67844   17.52670   16.45164   15.37698   14.30326   13.23104   12.16087   11.09332   10.02898    8.96842    7.91223    6.86102    5.81538    4.77593    3.74326    2.71799    1.70069    1.66833    1.64844    1.64102    1.64601    1.66335    1.69292    1.73459    1.78818    1.85347    1.93021    2.01813    2.11689

396000.0 5 363.73096699999996
   21.13942   21.09212   20.95478   20.81719   20.67932   20.54113   20.40259   20.26366   20.12431   19.98450   19.84419   19.70335   19.56196   19.41999   19.27742   19.13425   18.99045   18.84606   18.70107   18.55553   18.40947   18.26297   18.11611   17.96898   17.82170   17.67442   17.52730   16.48751   15.44837   14.41040   13.37410   12.34000   11.30862   10.28048    9.25608    8.23594    7.22056    6.21043    5.20605    4.20790    3.21643    2.23212    2.20029    2.17951    2.16975    2.17097    2.18308    2.20596    2.23948    2.28345    2.33768    2.40192    2.47592    2.55938
   21.13942   21.09212   20.95478   20.81719   20.67932   20.54113   20.40259   20.26366   20.12431   19.98450   19.84419   19.70335   19.56196   19.41999   19.27742   19.13425   18.99045   18.84606   18.70107   18.55553   18.40947   18.26297   18.11611   17.96898   17.82170   17.67442   17.52730   16.48751   15.44837   14.41040   13.37410   12.34000   11.30862   10.28048    9.25608    8.23594    7.22056    6.21043    5.20605    4.20790    3.21643    2.23212    2.20029    2.17951    2.16975    2.17097    2.18308    2.20596    2.23948    2.28345    2.33768    2.40192    2.47592    2.55938

403200.0 5 370.293764
   21.13432   21.08675   20.94859   20.81019   20.67152   20.53255   20.39325   20.25360   20.11358   19.97317   19.83235   19.69112   19.54948   19.40742   19.26495   19.12210   18.97889   18.83535   18.69154   18.54751   18.40334   18.25910   18.11490   17.97085   17.82706   17.68368   17.54086   16.53293   15.52574   14.51972   13.51533   12.51303   11.51326   10.51647    9.52309    8.53358    7.54836    6.56785    5.59246    4.62261    3.65870    2.70110    2.66961    2.64785    2.63581    2.63343    2.64064    2.65733    2.68339    2.71864    2.76292    2.81601    2.87769    2.94770
   21.13432   21.08675   20.94859   20.81019   20.67152   20.53255   20.39325   20.25360   20.11358   19.97317   19.83235   19.69112   19.54948   19.40742   19.26495   19.12210   18.97889   18.83535   18.69154   18.54751   18.40334   18.25910   18.11490   17.97085   17.82706   17.68368   17.54086   16.53293   15.52574   14.51972   13.51533   12.51303   11.51326   10.51647    9.52309    8.53358    7.54836    6.56785    5.59246    4.62261    3.65870    2.70110    2.66961    2.64785    2.63581    2.63343    2.64064    2.65733    2.68339    2.71864    2.76292    2.81601    2.87769    2.94770

410400.0 5 376.8517750000001
   21.12964   21.08182   20.94299   20.80397   20.66472   20.52524   20.38550   20.24550   20.10522   19.96466   19.82383   19.68274   19.54139   19.39980   19.25801   19.11605   18.97395   18.83178   18.68960   18.54746   18.40546   18.26367   18.12220   17.98116   17.84067   17.70084   17.56182   16.58167   15.60228   14.62403   13.64732   12.67254   11.70008   10.73032    9.76365    8.80044    7.84107    6.88589    5.93527    4.98956    4.04908    3.11418    3.08296    3.06032    3.04622    3.04064    3.04351    3.05472    3.07418    3.10174    3.13724    3.18051    3.23133    3.28949
   21.12964   21.08182   20.94299   20.80397   20.66472   20.52524   20.38550   20.24550   20.10522   19.96466   19.82383   19.68274   19.54139   19.39980   19.25801   19.11605   18.97395   18.83178   18.68960   18.54746   18.40546   18.26367   18.12220   17.98116   17.84067   17.70084   17.56182   16.58167   15.60228   14.62403   13.64732   12.67254   11.70008   10.73032    9.76365    8.80044    7.84107    6.88589    5.93527    4.98956    4.04908    3.11418    3.08296    3.06032    3.04622    3.04064    3.04351    3.05472    3.07418    3.10174    3.13724    3.18051    3.23133    3.28949

417600.0 5 383.3875330000001
   21.12600   21.07799   20.93872   20.79930   20.65974   20.52002   20.38013   20.24008   20.09987   19.95951   19.81902   19.67840   19.53769   19.39691   19.25610   19.11532   18.97459   18.83400   18.69359   18.55344   18.41363   18.27426   18.13540   17.99717   17.85967   17.72302   17.58733   16.63130   15.67603   14.72185   13.76911   12.81814   11.86929   10.92288    9.97924    9.03871    8.10160    7.16822    6.23888    5.31388    4.39352    3.47807    3.44707    3.42362    3.40771    3.39929    3.39831    3.40469    3.41833    3.43910    3.46687    3.50148    3.54274    3.59046
   21.12600   21.07799   20.93872   20.79930   20.65974   20.52002   20.38013   20.24008   20.09987   19.95951   19.81902   19.67840   19.53769   19.39691   19.25610   19.11532   18.97459   18.83400   18.69359   18.55344   18.41363   18.27426   18.13540   17.99717   17.85967   17.72302   17.58733   16.63130   15.67603   14.72185   13.76911   12.81814   11.86929   10.92288    9.97924    9.03871    8.10160    7.16822    6.23888    5.31388    4.39352    3.47807    3.44707    3.42362    3.40771    3.39929    3.39831    3.40469    3.41833    3.43910    3.46687    3.50148    3.54274    3.59046

424800.0 0 389.9473210000001
   21.12369   21.07558   20.93608   20.79651   20.65686   20.51714   20.37735   20.23751   20.09761   19.95769   19.81775   19.67783   19.53796   19.39818   19.25852   19.11903   18.97977   18.84080   18.70217   18.56396   18.42623   18.28907   18.15254   18.01672   17.88167   17.74746   17.61411   16.67404   15.73433   14.79499   13.85603   12.91740   11.97904   11.04085   10.10268    9.16433    8.22555    7.28604    6.34544    5.40334    4.45928    3.51277    3.47447    3.43175    3.38449    3.33253    3.27568    3.21372    3.14646    3.07369    2.99527    2.91112    2.82122    2.72563
   21.12369   21.07558   20.93608   20.79651   20.65686   20.51714   20.37735   20.23751   20.09761   19.95769   19.81775   19.67783   19.53796   19.39818   19.25852   19.11903   18.97977   18.84080   18.70217   18.56396   18.42623   18.28907   18.15254   18.01672   17.88167   17.74746   17.61411   16.67404   15.73433   14.79499   13.85603   12.91740   11.97904   11.04085   10.10268    9.16433    8.22555    7.28604    6.34544    5.40334    4.45928    3.51277    3.47447    3.43175    3.38449    3.33253    3.27568    3.21372    3.14646    3.07369    2.99527    2.91112    2.82122    2.72563

432000.0 0 396.5162909999999
   21.12277   21.07462   20.93511   20.79559   20.65606   20.51655   20.37705   20.23758   20.09817   19.95882   19.81957   19.68043   19.54145   19.40265   19.26406   19.12573   18.98768   18.84995   18.71257   18.57557   18.43898   18.30281   18.16707   18.03175   17.89685   17.76234   17.62816   16.67990   15.73155   14.78290   13.83376   12.88392   11.93316   10.98127   10.02801    9.07318    8.11653    7.15783    6.19684    5.23333    4.26705    3.29777    3.25843    3.21438    3.16562    3.11217    3.05405    2.99129    2.92396    2.85211    2.77582    2.69518    2.61030    2.52131
   21.12277   21.07462   20.93511   20.79559   20.65606   20.51655   20.37705   20.23758   20.09817   19.95882   19.81957   19.68043   19.54145   19.40265   19.26406   19.12573   18.98768   18.84995   18.71257   18.57557   18.43898   18.30281   18.16707   18.03175   17.89685   17.76234   17.62816   16.67990   15.73155   14.78290   13.83376   12.88392   11.93316   10.98127   10.02801    9.07318    8.11653    7.15783    6.19684    5.23333    4.26705    3.29777    3.25843    3.21438    3.16562    3.11217    3.05405    2.99129    2.92396    2.85211    2.77582    2.69518    2.61030    2.52131

