7200.0 -10 7.2586599999999635
   20.90739   20.85196   20.71186   20.58670   20.47677   20.38187   20.30136   20.23425   20.17929   20.13508   20.10016   20.07306   20.05242   20.03698   20.02564   20.01746   20.01167   20.00763   20.00484   20.00290   20.00151   20.00041   19.99937   19.99818   19.99659   19.99427   19.99085   19.96094   19.92877   19.89264   19.85073   19.80109   19.74156   19.66980   19.58320   19.47888   19.35370   19.20421   19.02667   18.81709   18.57120   18.28452   18.23968   18.12837   17.95000   17.70381   17.38894   17.00456   16.54993   16.02457   15.42835   14.76159   14.02514   13.22047
   20.90739   20.85196   20.71186   20.58670   20.47677   20.38187   20.30136   20.23425   20.17929   20.13508   20.10016   20.07306   20.05242   20.03698   20.02564   20.01746   20.01167   20.00763   20.00484   20.00290   20.00151   20.00041   19.99937   19.99818   19.99659   19.99427   19.99085   19.96094   19.92877   19.89264   19.85073   19.80109   19.74156   19.66980   19.58320   19.47888   19.35370   19.20421   19.02667   18.81709   18.57120   18.28452   18.23968   18.12837   17.95000   17.70381   17.38894   17.00456   16.54993   16.02457   15.42835   14.76159   14.02514   13.22047

14400.0 -10 14.099961999999778
   21.13857   21.09346   20.97257   20.85911   20.75354   20.65621   20.56726   20.48670   20.41439   20.35005   20.29329   20.24363   20.20052   20.16335   20.13147   20.10420   20.08087   20.06076   20.04317   20.02741   20.01276   19.99848   19.98384   19.96804   19.95026   19.92964   19.90523   19.71546   19.52111   19.31940   19.10752   18.88268   18.64204   18.38279   18.10208   17.79708   17.46495   17.10286   16.70802   16.27763   15.80897   15.29933   15.24738   15.13198   14.95323   14.71138   14.40688   14.04031   13.61246   13.12427   12.57687   11.97156   11.30981   10.59328
   21.13857   21.09346   20.97257   20.85911   20.75354   20.65621   20.56726   20.48670   20.41439   20.35005   20.29329   20.24363   20.20052   20.16335   20.13147   20.10420   20.08087   20.06076   20.04317   20.02741   20.01276   19.99848   19.98384   19.96804   19.95026   19.92964   19.90523   19.71546   19.52111   19.31940   19.10752   18.88268   18.64204   18.38279   18.10208   17.79708   17.46495   17.10286   16.70802   16.27763   15.80897   15.29933   15.24738   15.13198   14.95323   14.71138   14.40688   14.04031   13.61246   13.12427   12.57687   11.97156   11.30981   10.59328

21600.0 -10 20.98958700000003
   21.26423   21.22517   21.11801   21.01543   20.91781   20.82545   20.73854   20.65720   20.58146   20.51127   20.44648   20.38686   20.33212   20.28189   20.23574   20.19318   20.15365   20.11655   20.08124   20.04702   20.01317   19.97890   19.94341   19.90587   19.86538   19.82106   19.77197   19.40398   19.03124   18.65116   18.26115   17.85865   17.44110   17.00598   16.55078   16.07303   15.57028   15.04014   14.48026   13.88835   13.26218   12.59955   12.54554   12.43544   12.26936   12.04760   11.77057   11.43887   11.05323   10.61456   10.12389    9.58241    8.99145    8.35249
   21.26423   21.22517   21.11801   21.01543   20.91781   20.82545   20.73854   20.65720   20.58146   20.51127   20.44648   20.38686   20.33212   20.28189   20.23574   20.19318   20.15365   20.11655   20.08124   20.04702   20.01317   19.97890   19.94341   19.90587   19.86538   19.82106   19.77197   19.40398   19.03124   18.65116   18.26115   17.85865   17.44110   17.00598   16.55078   16.07303   15.57028   15.04014   14.48026   13.88835   13.26218   12.59955   12.54554   12.43544   12.26936   12.04760   11.77057   11.43887   11.05323   10.61456   10.12389    9.58241    8.99145    8.35249

28800.0 -10 27.710033999999723
   21.34445   21.30935   21.21160   21.11689   21.02548   20.93756   20.85329   20.77275   20.69597   20.62291   20.55346   20.48746   20.42468   20.36483   20.30756   20.25247   20.19909   20.14691   20.09536   20.04384   19.99169   19.93823   19.88272   19.82441   19.76252   19.69624   19.62473   19.09687   18.56444   18.02516   17.47678   16.91704   16.34372   15.75459   15.14749   14.52024   13.87074   13.19690   12.49670   11.76814   11.00930   10.21831   10.16283   10.05793    9.90373    9.70046    9.44851    9.14841    8.80081    8.40650    7.96640    7.48157    6.95317    6.38251
   21.34445   21.30935   21.21160   21.11689   21.02548   20.93756   20.85329   20.77275   20.69597   20.62291   20.55346   20.48746   20.42468   20.36483   20.30756   20.25247   20.19909   20.14691   20.09536   20.04384   19.99169   19.93823   19.88272   19.82441   19.76252   19.69624   19.62473   19.09687   18.56444   18.02516   17.47678   16.91704   16.34372   15.75459   15.14749   14.52024   13.87074   13.19690   12.49670   11.76814   11.00930   10.21831   10.16283   10.05793    9.90373    9.70046    9.44851    9.14841    8.80081    8.40650    7.96640    7.48157    6.95317    6.38251

36000.0 -10 34.64451400000007
   21.39762   21.36513   21.27362   21.18409   21.09672   21.01162   20.92888   20.84852   20.77053   20.69486   20.62140   20.54998   20.48039   20.41238   20.34563   20.27978   20.21444   20.14914   20.08341   20.01670   19.94845   19.87806   19.80488   19.72827   19.64753   19.56196   19.47083   18.80322   18.13125   17.45293   16.76630   16.06939   15.36027   14.63701   13.89770   13.14047   12.36348   11.56493   10.74305    9.89612    9.02245    8.12043    8.06374    7.96351    7.81984    7.63295    7.40319    7.13100    6.81697    6.46180    6.06630    5.63140    5.15812    4.64762
   21.39762   21.36513   21.27362   21.18409   21.09672   21.01162   20.92888   20.84852   20.77053   20.69486   20.62140   20.54998   20.48039   20.41238   20.34563   20.27978   20.21444   20.14914   20.08341   20.01670   19.94845   19.87806   19.80488   19.72827   19.64753   19.56196   19.47083   18.80322   18.13125   17.45293   16.76630   16.06939   15.36027   14.63701   13.89770   13.14047   12.36348   11.56493   10.74305    9.89612    9.02245    8.12043    8.06374    7.96351    7.81984    7.63295    7.40319    7.13100    6.81697    6.46180    6.06630    5.63140    5.15812    4.64762

43200.0 -10 41.35747700000002
   21.43174   21.40091   21.31318   21.22666   21.14144   21.05757   20.97507   20.89393   20.81409   20.73547   20.65793   20.58132   20.50542   20.42998   20.35472   20.27931   20.20339   20.12655   20.04836   19.96835   19.88601   19.80082   19.71222   19.61963   19.52245   19.42007   19.31186   18.52263   17.72922   16.92992   16.12301   15.30679   14.47957   13.63968   12.78546   11.91528   11.02756   10.12071    9.19322    8.24358    7.27034    6.27209    6.21439    6.11832    5.98399    5.81158    5.60138    5.35382    5.06940    4.74873    4.39253    4.00162    3.57691    3.11940
   21.43174   21.40091   21.31318   21.22666   21.14144   21.05757   20.97507   20.89393   20.81409   20.73547   20.65793   20.58132   20.50542   20.42998   20.35472   20.27931   20.20339   20.12655   20.04836   19.96835   19.88601   19.80082   19.71222   19.61963   19.52245   19.42007   19.31186   18.52263   17.72922   16.92992   16.12301   15.30679   14.47957   13.63968   12.78546   11.91528   11.02756   10.12071    9.19322    8.24358    7.27034    6.27209    6.21439    6.11832    5.98399    5.81158    5.60138    5.35382    5.06940    4.74873    4.39253    4.00162    3.57691    3.11940

50400.0 -10 48.36110800000006
   21.45147   21.42155   21.33569   21.25044   21.16583   21.08184   20.99846   20.91562   20.83324   20.75121   20.66938   20.58758   20.50559   20.42317   20.34005   20.25593   20.17047   20.08329   19.99402   19.90223   19.80746   19.70926   19.60714   19.50057   19.38905   19.27202   19.14895   18.25404   17.35513   16.45072   15.53934   14.61950   13.68974   12.74860   11.79465   10.82648    9.84271    8.84197    7.82295    6.78434    5.72488    4.64337    4.58483    4.49249    4.36642    4.20680    4.01389    3.78805    3.52973    3.23948    2.91792    2.56578    2.18385    1.77304
   21.45147   21.42155   21.33569   21.25044   21.16583   21.08184   20.99846   20.91562   20.83324   20.75121   20.66938   20.58758   20.50559   20.42317   20.34005   20.25593   20.17047   20.08329   19.99402   19.90223   19.80746   19.70926   19.60714   19.50057   19.38905   19.27202   19.14895   18.25404   17.35513   16.45072   15.53934   14.61950   13.68974   12.74860   11.79465   10.82648    9.84271    8.84197    7.82295    6.78434    5.72488    4.64337    4.58483    4.49249    4.36642    4.20680    4.01389    3.78805    3.52973    3.23948    2.91792    2.56578    2.18385    1.77304

57600.0 -10 55.460635999999795
   21.45996   21.43038   21.34487   21.25950   21.17424   21.08904   21.00383   20.91853   20.83302   20.74717   20.66081   20.57376   20.48580   20.39670   20.30620   20.21401   20.11981   20.02326   19.92402   19.82169   19.71588   19.60617   19.49213   19.37330   19.24922   19.11943   18.98344   17.99680   17.00632   16.01072   15.00870   13.99900   12.98032   11.95142   10.91105    9.85800    8.79106    7.70905    6.61084    5.49530    4.36134    3.20792    3.14870    3.05968    2.94094    2.79263    2.61498    2.40832    2.17303    1.90960    1.61858    1.30061    0.95639    0.58671
   21.45996   21.43038   21.34487   21.25950   21.17424   21.08904   21.00383   20.91853   20.83302   20.74717   20.66081   20.57376   20.48580   20.39670   20.30620   20.21401   20.11981   20.02326   19.92402   19.82169   19.71588   19.60617   19.49213   19.37330   19.24922   19.11943   18.98344   17.99680   17.00632   16.01072   15.00870   13.99900   12.98032   11.95142   10.91105    9.85800    8.79106    7.70905    6.61084    5.49530    4.36134    3.20792    3.14870    3.05968    2.94094    2.79263    2.61498    2.40832    2.17303    1.90960    1.61858    1.30061    0.95639    0.58671

64800.0 -10 62.3367760000001
   21.45958   21.42986   21.34350   21.25690   21.16999   21.08270   20.99491   20.90652   20.81739   20.72736   20.63627   20.54391   20.45008   20.35454   20.25704   20.15730   20.05502   19.94991   19.84162   19.72981   19.61413   19.49418   19.36960   19.23997   19.10489   18.96396   18.81674   17.75055   16.68070   15.60606   14.52551   13.43796   12.34229   11.23742   10.12228    8.99580    7.85696    6.70473    5.53813    4.35619    3.15798    1.94258    1.88281    1.79677    1.68453    1.54622    1.38206    1.19231    0.97734    0.73757    0.47348    0.18563   -0.12535   -0.45877
   21.45958   21.42986   21.34350   21.25690   21.16999   21.08270   20.99491   20.90652   20.81739   20.72736   20.63627   20.54391   20.45008   20.35454   20.25704   20.15730   20.05502   19.94991   19.84162   19.72981   19.61413   19.49418   19.36960   19.23997   19.10489   18.96396   18.81674   17.75055   16.68070   15.60606   14.52551   13.43796   12.34229   11.23742   10.12228    8.99580    7.85696    6.70473    5.53813    4.35619    3.15798    1.94258    1.88281    1.79677    1.68453    1.54622    1.38206    1.19231    0.97734    0.73757    0.47348    0.18563   -0.12535   -0.45877

72000.0 -10 69.2626909999999
   21.45214   21.42193   21.33375   21.24504   21.15570   21.06560   20.97464   20.88266   20.78952   20.69506   20.59908   20.50139   20.40177   20.30000   20.19583   20.08899   19.97922   19.86622   19.74968   19.62930   19.50473   19.37566   19.24172   19.10257   18.95784   18.80718   18.65021   17.51512   16.37652   15.23346   14.08495   12.93005   11.76781   10.59727    9.41751    8.22763    7.02672    5.81392    4.58836    3.34921    2.09568    0.82697    0.76676    0.68339    0.57692    0.44747    0.29522    0.12042   -0.07662   -0.29553   -0.53587   -0.79716   -1.07883   -1.38029
   21.45214   21.42193   21.33375   21.24504   21.15570   21.06560   20.97464   20.88266   20.78952   20.69506   20.59908   20.50139   20.40177   20.30000   20.19583   20.08899   19.97922   19.86622   19.74968   19.62930   19.50473   19.37566   19.24172   19.10257   18.95784   18.80718   18.65021   17.51512   16.37652   15.23346   14.08495   12.93005   11.76781   10.59727    9.41751    8.22763    7.02672    5.81392    4.58836    3.34921    2.09568    0.82697    0.76676    0.68339    0.57692    0.44747    0.29522    0.12042   -0.07662   -0.29553   -0.53587   -0.79716   -1.07883   -1.38029

79200.0 -10 76.31795199999988
   21.43911   21.40812   21.31738   21.22586   21.13345   21.04001   20.94540   20.84946   20.75203   20.65292   20.55196   20.44894   20.34364   20.23585   20.12532   20.01180   19.89503   19.77475   19.65066   19.52249   19.38993   19.25268   19.11043   18.96286   18.80965   18.65050   18.48507   17.29035   16.09230   14.89007   13.68283   12.46975   11.25000   10.02277    8.78727    7.54271    6.28832    5.02334    3.74704    2.45870    1.15764   -0.15683   -0.21738   -0.29836   -0.39970   -0.52132   -0.66304   -0.82464   -1.00585   -1.20634   -1.42573   -1.66359   -1.91942   -2.19270
   21.43911   21.40812   21.31738   21.22586   21.13345   21.04001   20.94540   20.84946   20.75203   20.65292   20.55196   20.44894   20.34364   20.23585   20.12532   20.01180   19.89503   19.77475   19.65066   19.52249   19.38993   19.25268   19.11043   18.96286   18.80965   18.65050   18.48507   17.29035   16.09230   14.89007   13.68283   12.46975   11.25000   10.02277    8.78727    7.54271    6.28832    5.02334    3.74704    2.45870    1.15764   -0.15683   -0.21738   -0.29836   -0.39970   -0.52132   -0.66304   -0.82464   -1.00585   -1.20634   -1.42573   -1.66359   -1.91942   -2.19270

86400.0 -10 83.05067999999983
   21.42169   21.38969   21.29579   21.20094   21.10498   21.00778   20.90917   20.80898   20.70705   20.60318   20.49720   20.38888   20.27802   20.16441   20.04781   19.92798   19.80469   19.67766   19.54666   19.41140   19.27161   19.12703   18.97737   18.82236   18.66171   18.49514   18.32237   17.07613   15.82671   14.57339   13.31544   12.05215   10.78282    9.50673    8.22321    6.93158    5.63117    4.32134    3.00145    1.67089    0.32907   -1.02459   -1.08540   -1.16422   -1.26102   -1.37569   -1.50809   -1.65803   -1.82527   -2.00951   -2.21041   -2.42760   -2.66065   -2.90907
   21.42169   21.38969   21.29579   21.20094   21.10498   21.00778   20.90917   20.80898   20.70705   20.60318   20.49720   20.38888   20.27802   20.16441   20.04781   19.92798   19.80469   19.67766   19.54666   19.41140   19.27161   19.12703   18.97737   18.82236   18.66171   18.49514   18.32237   17.07613   15.82671   14.57339   13.31544   12.05215   10.78282    9.50673    8.22321    6.93158    5.63117    4.32134    3.00145    1.67089    0.32907   -1.02459   -1.08540   -1.16422   -1.26102   -1.37569   -1.50809   -1.65803   -1.82527   -2.00951   -2.21041   -2.42760   -2.66065   -2.90907

93600.0 -10 90.34470599999986
   21.40086   21.36768   21.27017   21.17156   21.07170   20.97042   20.86756   20.76294   20.65637   20.54768   20.43667   20.32313   20.20686   20.08764   19.96525   19.83947   19.71007   19.57680   19.43943   19.29771   19.15139   19.00022   18.84396   18.68236   18.51516   18.34211   18.16298   16.87227   15.57853   14.28115   12.97950   11.67296   10.36093    9.04280    7.71798    6.38590    5.04597    3.69765    2.34039    0.97367   -0.40302   -1.79017   -1.85117   -1.92806   -2.02081   -2.12933   -2.25349   -2.39312   -2.54801   -2.71790   -2.90249   -3.10145   -3.31439   -3.54089
   21.40086   21.36768   21.27017   21.17156   21.07170   20.97042   20.86756   20.76294   20.65637   20.54768   20.43667   20.32313   20.20686   20.08764   19.96525   19.83947   19.71007   19.57680   19.43943   19.29771   19.15139   19.00022   18.84396   18.68236   18.51516   18.34211   18.16298   16.87227   15.57853   14.28115   12.97950   11.67296   10.36093    9.04280    7.71798    6.38590    5.04597    3.69765    2.34039    0.97367   -0.40302   -1.79017   -1.85117   -1.92806   -2.02081   -2.12933   -2.25349   -2.39312   -2.54801   -2.71790   -2.90249   -3.10145   -3.31439   -3.54089

100800.0 -10 96.88641800000005
   21.37744   21.34295   21.24149   21.13883   21.03480   20.92923   20.82194   20.71276   20.60149   20.48796   20.37196   20.25329   20.13176   20.00715   19.87926   19.74786   19.61275   19.47369   19.33046   19.18284   19.03060   18.87351   18.71136   18.54391   18.37095   18.19226   18.00763   16.67858   15.34666   14.01134   12.67207   11.32833    9.97960    8.62535    7.26508    5.89830    4.52450    3.14322    1.75400    0.35638   -1.05007   -2.46577   -2.52690   -2.60205   -2.69120   -2.79427   -2.91113   -3.04165   -3.18563   -3.34285   -3.51304   -3.69590   -3.89110   -4.09827
   21.37744   21.34295   21.24149   21.13883   21.03480   20.92923   20.82194   20.71276   20.60149   20.48796   20.37196   20.25329   20.13176   20.00715   19.87926   19.74786   19.61275   19.47369   19.33046   19.18284   19.03060   18.87351   18.71136   18.54391   18.37095   18.19226   18.00763   16.67858   15.34666   14.01134   12.67207   11.32833    9.97960    8.62535    7.26508    5.89830    4.52450    3.14322    1.75400    0.35638   -1.05007   -2.46577   -2.52690   -2.60205   -2.69120   -2.79427   -2.91113   -3.04165   -3.18563   -3.34285   -3.51304   -3.69590   -3.89110   -4.09827

108000.0 -10 103.49174399999993
   21.35211   21.31621   21.21056   21.10364   20.99526   20.88526   20.77344   20.65963   20.54365   20.42530   20.30438   20.18072   20.05410   19.92432   19.79119   19.65450   19.51403   19.36960   19.22097   19.06796   18.91035   18.74794   18.58052   18.40789   18.22987   18.04625   17.85685   16.49481   15.13006   13.76212   12.39053   11.01485    9.63463    8.24941    6.85877    5.46228    4.05952    2.65008    1.23358   -0.19038   -1.62216   -3.06211   -3.12332   -3.19692   -3.28286   -3.38109   -3.49150   -3.61396   -3.74830   -3.89432   -4.05178   -4.22044   -4.39998   -4.59009
   21.35211   21.31621   21.21056   21.10364   20.99526   20.88526   20.77344   20.65963   20.54365   20.42530   20.30438   20.18072   20.05410   19.92432   19.79119   19.65450   19.51403   19.36960   19.22097   19.06796   18.91035   18.74794   18.58052   18.40789   18.22987   18.04625   17.85685   16.49481   15.13006   13.76212   12.39053   11.01485    9.63463    8.24941    6.85877    5.46228    4.05952    2.65008    1.23358   -0.19038   -1.62216   -3.06211   -3.12332   -3.19692   -3.28286   -3.38109   -3.49150   -3.61396   -3.74830   -3.89432   -4.05178   -4.22044   -4.39998   -4.59009

115200.0 -10 110.17237999999998
   21.32544   21.28806   21.17806   21.06674   20.95391   20.83939   20.72300   20.60456   20.48388   20.36077   20.23504   20.10652   19.97499   19.84027   19.70216   19.56047   19.41501   19.26558   19.11199   18.95405   18.79156   18.62434   18.45221   18.27499   18.09251   17.90459   17.71108   16.32070   14.92775   13.53182   12.13252   10.72947    9.32228    7.91056    6.49396    5.07210    3.64463    2.21120    0.77148   -0.67487   -2.12814   -3.58865   -3.64990   -3.72208   -3.80517   -3.89910   -4.00379   -4.11912   -4.24494   -4.38106   -4.52730   -4.68340   -4.84912   -5.02417
   21.32544   21.28806   21.17806   21.06674   20.95391   20.83939   20.72300   20.60456   20.48388   20.36077   20.23504   20.10652   19.97499   19.84027   19.70216   19.56047   19.41501   19.26558   19.11199   18.95405   18.79156   18.62434   18.45221   18.27499   18.09251   17.90459   17.71108   16.32070   14.92775   13.53182   12.13252   10.72947    9.32228    7.91056    6.49396    5.07210    3.64463    2.21120    0.77148   -0.67487   -2.12814   -3.58865   -3.64990   -3.72208   -3.80517   -3.89910   -4.00379   -4.11912   -4.24494   -4.38106   -4.52730   -4.68340   -4.84912   -5.02417

122400.0 -10 117.0247690000001
   21.29790   21.25900   21.14456   21.02876   20.91142   20.79236   20.67140   20.54835   20.42303   20.29526   20.16485   20.03161   19.89537   19.75592   19.61310   19.46671   19.31657   19.16251   19.00433   18.84187   18.67495   18.50340   18.32705   18.14575   17.95935   17.76769   17.57063   16.15594   14.73882   13.31892   11.89591   10.46945    9.03922    7.60489    6.16615    4.72268    3.27418    1.82037    0.36094   -1.10436   -2.57582   -4.05367   -4.11493   -4.18584   -4.26639   -4.35651   -4.45613   -4.56515   -4.68342   -4.81080   -4.94711   -5.09213   -5.24565   -5.40739
   21.29790   21.25900   21.14456   21.02876   20.91142   20.79236   20.67140   20.54835   20.42303   20.29526   20.16485   20.03161   19.89537   19.75592   19.61310   19.46671   19.31657   19.16251   19.00433   18.84187   18.67495   18.50340   18.32705   18.14575   17.95935   17.76769   17.57063   16.15594   14.73882   13.31892   11.89591   10.46945    9.03922    7.60489    6.16615    4.72268    3.27418    1.82037    0.36094   -1.10436   -2.57582   -4.05367   -4.11493   -4.18584   -4.26639   -4.35651   -4.45613   -4.56515   -4.68342   -4.81080   -4.94711   -5.09213   -5.24565   -5.40739

129600.0 -10 123.80302699999993
   21.26989   21.22945   21.11052   20.99022   20.86837   20.74479   20.61929   20.49170   20.36183   20.22950   20.09454   19.95677   19.81600   19.67205   19.52476   19.37395   19.21944   19.06106   18.89865   18.73205   18.56110   18.38564   18.20552   18.02060   17.83074   17.63582   17.43570   16.00021   14.56242   13.12204   11.67878   10.23236    8.78249    7.32891    5.87134    4.40952    2.94319    1.47210   -0.00398   -1.48529   -2.97206   -4.46449   -4.52573   -4.59550   -4.67377   -4.76051   -4.85564   -4.95906   -5.07067   -5.19032   -5.31785   -5.45308   -5.59581   -5.74581
   21.26989   21.22945   21.11052   20.99022   20.86837   20.74479   20.61929   20.49170   20.36183   20.22950   20.09454   19.95677   19.81600   19.67205   19.52476   19.37395   19.21944   19.06106   18.89865   18.73205   18.56110   18.38564   18.20552   18.02060   17.83074   17.63582   17.43570   16.00021   14.56242   13.12204   11.67878   10.23236    8.78249    7.32891    5.87134    4.40952    2.94319    1.47210   -0.00398   -1.48529   -2.97206   -4.46449   -4.52573   -4.59550   -4.67377   -4.76051   -4.85564   -4.95906   -5.07067   -5.19032   -5.31785   -5.45308   -5.59581   -5.74581

136800.0 -10 130.71420399999988
   21.24172   21.19973   21.07633   20.95155   20.82522   20.69716   20.56720   20.43515   20.30084   20.16410   20.02474   19.88260   19.73750   19.58928   19.43776   19.28278   19.12418   18.96180   18.79549   18.62510   18.45047   18.27147   18.08797   17.89983   17.70693   17.50917   17.30642   15.85317   14.39775   12.93992   11.47941   10.01600    8.54945    7.07953    5.60600    4.12864    2.64723    1.16158   -0.32854   -1.82331   -3.32292   -4.82755   -4.88874   -4.95747   -5.03372   -5.11745   -5.20859   -5.30706   -5.41277   -5.52558   -5.64535   -5.77193   -5.90513   -6.04475
   21.24172   21.19973   21.07633   20.95155   20.82522   20.69716   20.56720   20.43515   20.30084   20.16410   20.02474   19.88260   19.73750   19.58928   19.43776   19.28278   19.12418   18.96180   18.79549   18.62510   18.45047   18.27147   18.08797   17.89983   17.70693   17.50917   17.30642   15.85317   14.39775   12.93992   11.47941   10.01600    8.54945    7.07953    5.60600    4.12864    2.64723    1.16158   -0.32854   -1.82331   -3.32292   -4.82755   -4.88874   -4.95747   -5.03372   -5.11745   -5.20859   -5.30706   -5.41277   -5.52558   -5.64535   -5.77193   -5.90513   -6.04475

144000.0 -10 137.4878709999998
   21.21367   21.17014   21.04230   20.91309   20.78235   20.64991   20.51557   20.37918   20.24056   20.09953   19.95594   19.80961   19.66038   19.50809   19.35258   19.19369   19.03127   18.86517   18.69525   18.52137   18.34340   18.16120   17.97466   17.78366   17.58809   17.38785   17.18285   15.71448   14.24406   12.77138   11.29624    9.81842    8.33774    6.85399    5.36697    3.87651    2.38242    0.88451   -0.61737   -2.12339   -3.63372   -5.14848   -5.20961   -5.27741   -5.35185   -5.43290   -5.52051   -5.61460   -5.71507   -5.82183   -5.93474   -6.05366   -6.17844   -6.30890
   21.21367   21.17014   21.04230   20.91309   20.78235   20.64991   20.51557   20.37918   20.24056   20.09953   19.95594   19.80961   19.66038   19.50809   19.35258   19.19369   19.03127   18.86517   18.69525   18.52137   18.34340   18.16120   17.97466   17.78366   17.58809   17.38785   17.18285   15.71448   14.24406   12.77138   11.29624    9.81842    8.33774    6.85399    5.36697    3.87651    2.38242    0.88451   -0.61737   -2.12339   -3.63372   -5.14848   -5.20961   -5.27741   -5.35185   -5.43290   -5.52051   -5.61460   -5.71507   -5.82183   -5.93474   -6.05366   -6.17844   -6.30890

151200.0 -10 144.21023400000013
   21.18594   21.14090   21.00869   20.87514   20.74008   20.60334   20.46475   20.32414   20.18134   20.03620   19.88854   19.73820   19.58504   19.42889   19.26960   19.10704   18.94105   18.77149   18.59824   18.42116   18.24014   18.05504   17.86578   17.67223   17.47430   17.27192   17.06498   15.58377   14.10062   12.61538   11.12784    9.63786    8.14524    6.64984    5.15148    3.65002    2.14529    0.63714   -0.87455   -2.38994   -3.90915   -5.43229   -5.49334   -5.56029   -5.63312   -5.71179   -5.79626   -5.88645   -5.98230   -6.08370   -6.19054   -6.30269   -6.42002   -6.54237
   21.18594   21.14090   21.00869   20.87514   20.74008   20.60334   20.46475   20.32414   20.18134   20.03620   19.88854   19.73820   19.58504   19.42889   19.26960   19.10704   18.94105   18.77149   18.59824   18.42116   18.24014   18.05504   17.86578   17.67223   17.47430   17.27192   17.06498   15.58377   14.10062   12.61538   11.12784    9.63786    8.14524    6.64984    5.15148    3.65002    2.14529    0.63714   -0.87455   -2.38994   -3.90915   -5.43229   -5.49334   -5.56029   -5.63312   -5.71179   -5.79626   -5.88645   -5.98230   -6.08370   -6.19054   -6.30269   -6.42002   -6.54237

158400.0 -10 150.9870609999998
   21.15872   21.11219   20.97571   20.83792   20.69865   20.55774   20.41502   20.27033   20.12351   19.97440   19.82284   19.66868   19.51177   19.35197   19.18913   19.02312   18.85379   18.68102   18.50469   18.32467   18.14086   17.95314   17.76143   17.56561   17.36561   17.16136   16.95277   15.46069   13.96679   12.47093   10.97295    9.47271    7.97008    6.46490    4.95705    3.44638    1.93278    0.41613   -1.10371   -2.62683   -4.15334   -5.68335   -5.74432   -5.81050   -5.88188   -5.95843   -6.04011   -6.12686   -6.21860   -6.31526   -6.41672   -6.52289   -6.63363   -6.74881
   21.15872   21.11219   20.97571   20.83792   20.69865   20.55774   20.41502   20.27033   20.12351   19.97440   19.82284   19.66868   19.51177   19.35197   19.18913   19.02312   18.85379   18.68102   18.50469   18.32467   18.14086   17.95314   17.76143   17.56561   17.36561   17.16136   16.95277   15.46069   13.96679   12.47093   10.97295    9.47271    7.97008    6.46490    4.95705    3.44638    1.93278    0.41613   -1.10371   -2.62683   -4.15334   -5.68335   -5.74432   -5.81050   -5.88188   -5.95843   -6.04011   -6.12686   -6.21860   -6.31526   -6.41672   -6.52289   -6.63363   -6.74881

165600.0 -10 157.7499469999998
   21.13213   21.08415   20.94352   20.80160   20.65825   20.51331   20.36660   20.21798   20.06729   19.91438   19.75909   19.60129   19.44083   19.27758   19.11138   18.94213   18.76968   18.59393   18.41475   18.23203   18.04568   17.85558   17.66166   17.46382   17.26200   17.05612   16.84612   15.34488   13.84193   12.33714   10.83040    9.32158    7.81055    6.29722    4.78145    3.26315    1.74221    0.21852   -1.30801   -2.83747   -4.36995   -5.90553   -5.96640   -6.03189   -6.10198   -6.17664   -6.25584   -6.33952   -6.42763   -6.52008   -6.61679   -6.71765   -6.82256   -6.93141
   21.13213   21.08415   20.94352   20.80160   20.65825   20.51331   20.36660   20.21798   20.06729   19.91438   19.75909   19.60129   19.44083   19.27758   19.11138   18.94213   18.76968   18.59393   18.41475   18.23203   18.04568   17.85558   17.66166   17.46382   17.26200   17.05612   16.84612   15.34488   13.84193   12.33714   10.83040    9.32158    7.81055    6.29722    4.78145    3.26315    1.74221    0.21852   -1.30801   -2.83747   -4.36995   -5.90553   -5.96640   -6.03189   -6.10198   -6.17664   -6.25584   -6.33952   -6.42763   -6.52008   -6.61679   -6.71765   -6.82256   -6.93141

172800.0 -10 164.45931199999995
   21.10629   21.05691   20.91224   20.76634   20.61904   20.47020   20.31966   20.16726   20.01286   19.85631   19.69748   19.53621   19.37239   19.20586   19.03652   18.86423   18.68887   18.51034   18.32852   18.14332   17.95464   17.76238   17.56648   17.36684   17.16341   16.95612   16.74493   15.23599   13.72545   12.21320   10.69914    9.18316    7.66516    6.14506    4.62275    3.09815    1.57116    0.04172   -1.49027   -3.02488   -4.56218   -6.10222   -6.16299   -6.22785   -6.29678   -6.36976   -6.44675   -6.52772   -6.61260   -6.70132   -6.79381   -6.88998   -6.98974   -7.09297
   21.10629   21.05691   20.91224   20.76634   20.61904   20.47020   20.31966   20.16726   20.01286   19.85631   19.69748   19.53621   19.37239   19.20586   19.03652   18.86423   18.68887   18.51034   18.32852   18.14332   17.95464   17.76238   17.56648   17.36684   17.16341   16.95612   16.74493   15.23599   13.72545   12.21320   10.69914    9.18316    7.66516    6.14506    4.62275    3.09815    1.57116    0.04172   -1.49027   -3.02488   -4.56218   -6.10222   -6.16299   -6.22785   -6.29678   -6.36976   -6.44675   -6.52772   -6.61260   -6.70132   -6.79381   -6.88998   -6.98974   -7.09297

180000.0 -10 171.11070800000016
   21.08128   21.03054   20.88198   20.73223   20.58114   20.42855   20.27432   20.11830   19.96035   19.80034   19.63812   19.47357   19.30655   19.13695   18.96463   18.78950   18.61142   18.43031   18.24606   18.05857   17.86776   17.67354   17.47585   17.27461   17.06976   16.86125   16.64904   15.13368   13.61681   12.09835   10.57821    9.05630    7.53255    6.00687    4.47919    2.94943    1.41752   -0.11660   -1.65299   -3.19173   -4.73285   -6.27643   -6.33709   -6.40137   -6.46926   -6.54074   -6.61578   -6.69433   -6.77634   -6.86176   -6.95052   -7.04253   -7.13772   -7.23598
   21.08128   21.03054   20.88198   20.73223   20.58114   20.42855   20.27432   20.11830   19.96035   19.80034   19.63812   19.47357   19.30655   19.13695   18.96463   18.78950   18.61142   18.43031   18.24606   18.05857   17.86776   17.67354   17.47585   17.27461   17.06976   16.86125   16.64904   15.13368   13.61681   12.09835   10.57821    9.05630    7.53255    6.00687    4.47919    2.94943    1.41752   -0.11660   -1.65299   -3.19173   -4.73285   -6.27643   -6.33709   -6.40137   -6.46926   -6.54074   -6.61578   -6.69433   -6.77634   -6.86176   -6.95052   -7.04253   -7.13772   -7.23598

187200.0 -10 177.87280599999985
   21.05716   21.00510   20.85280   20.69935   20.54461   20.38843   20.23067   20.07119   19.90986   19.74655   19.58112   19.41345   19.24341   19.07090   18.89580   18.71799   18.53738   18.35387   18.16736   17.97776   17.78500   17.58901   17.38970   17.18703   16.98093   16.77137   16.55829   15.03760   13.51549   11.99190   10.46675    8.93997    7.41150    5.88126    4.34921    2.81528    1.27941   -0.25846   -1.79836   -3.34035   -4.88448   -6.43077   -6.49133   -6.55509   -6.62205   -6.69219   -6.76548   -6.84188   -6.92135   -7.00384   -7.08928   -7.17761   -7.26875   -7.36262
   21.05716   21.00510   20.85280   20.69935   20.54461   20.38843   20.23067   20.07119   19.90986   19.74655   19.58112   19.41345   19.24341   19.07090   18.89580   18.71799   18.53738   18.35387   18.16736   17.97776   17.78500   17.58901   17.38970   17.18703   16.98093   16.77137   16.55829   15.03760   13.51549   11.99190   10.46675    8.93997    7.41150    5.88126    4.34921    2.81528    1.27941   -0.25846   -1.79836   -3.34035   -4.88448   -6.43077   -6.49133   -6.55509   -6.62205   -6.69219   -6.76548   -6.84188   -6.92135   -7.00384   -7.08928   -7.17761   -7.26875   -7.36262

194400.0 -10 185.09062200000017
   21.03397   20.98065   20.82475   20.66776   20.50952   20.34990   20.18877   20.02599   19.86144   19.69498   19.52651   19.35588   19.18300   19.00775   18.83003   18.64972   18.46674   18.28100   18.09240   17.90087   17.70632   17.50870   17.30795   17.10399   16.89679   16.68631   16.47251   14.94743   13.42101   11.89321   10.36396    8.83322    7.30091    5.76700    4.23144    2.69417    1.15514   -0.38567   -1.92831   -3.47283   -5.01924   -6.56759   -6.62803   -6.69132   -6.75745   -6.82639   -6.89812   -6.97262   -7.04983   -7.12972   -7.21222   -7.29728   -7.38484   -7.47480
   21.03397   20.98065   20.82475   20.66776   20.50952   20.34990   20.18877   20.02599   19.86144   19.69498   19.52651   19.35588   19.18300   19.00775   18.83003   18.64972   18.46674   18.28100   18.09240   17.90087   17.70632   17.50870   17.30795   17.10399   16.89679   16.68631   16.47251   14.94743   13.42101   11.89321   10.36396    8.83322    7.30091    5.76700    4.23144    2.69417    1.15514   -0.38567   -1.92831   -3.47283   -5.01924   -6.56759   -6.62803   -6.69132   -6.75745   -6.82639   -6.89812   -6.97262   -7.04983   -7.12972   -7.21222   -7.29728   -7.38484   -7.47480

201600.0 -10 191.851134
   21.01173   20.95720   20.79787   20.63748   20.47590   20.31300   20.14866   19.98274   19.81512   19.64568   19.47432   19.30090   19.12534   18.94751   18.76732   18.58468   18.39949   18.21167   18.02113   17.82781   17.63163   17.43254   17.23046   17.02537   16.81720   16.60593   16.39152   14.86284   13.33292   11.80170   10.26914    8.73520    7.19982    5.66298    4.12463    2.58473    1.04325   -0.49984   -2.04458   -3.59099   -5.13909   -6.68892   -6.74926   -6.81212   -6.87749   -6.94536   -7.01571   -7.08850   -7.16371   -7.24128   -7.32118   -7.40335   -7.48772   -7.57423
   21.01173   20.95720   20.79787   20.63748   20.47590   20.31300   20.14866   19.98274   19.81512   19.64568   19.47432   19.30090   19.12534   18.94751   18.76732   18.58468   18.39949   18.21167   18.02113   17.82781   17.63163   17.43254   17.23046   17.02537   16.81720   16.60593   16.39152   14.86284   13.33292   11.80170   10.26914    8.73520    7.19982    5.66298    4.12463    2.58473    1.04325   -0.49984   -2.04458   -3.59099   -5.13909   -6.68892   -6.74926   -6.81212   -6.87749   -6.94536   -7.01571   -7.08850   -7.16371   -7.24128   -7.32118   -7.40335   -7.48772   -7.57423

208800.0 -10 198.38747599999988
   20.99045   20.93477   20.77215   20.60853   20.44376   20.27774   20.11034   19.94143   19.77091   19.59865   19.42455   19.24850   19.07040   18.89014   18.70765   18.52281   18.33556   18.14581   17.95348   17.75851   17.56083   17.36039   17.15713   16.95101   16.74199   16.53004   16.31512   14.78354   13.25078   11.71682   10.18162    8.64514    7.10734    5.56821    4.02769    2.48577    0.94242   -0.60238   -2.14867   -3.69645   -5.24574   -6.79657   -6.85680   -6.91927   -6.98396   -7.05088   -7.11999   -7.19127   -7.26469   -7.34021   -7.41780   -7.49739   -7.57894   -7.66239
   20.99045   20.93477   20.77215   20.60853   20.44376   20.27774   20.11034   19.94143   19.77091   19.59865   19.42455   19.24850   19.07040   18.89014   18.70765   18.52281   18.33556   18.14581   17.95348   17.75851   17.56083   17.36039   17.15713   16.95101   16.74199   16.53004   16.31512   14.78354   13.25078   11.71682   10.18162    8.64514    7.10734    5.56821    4.02769    2.48577    0.94242   -0.60238   -2.14867   -3.69645   -5.24574   -6.79657   -6.85680   -6.91927   -6.98396   -7.05088   -7.11999   -7.19127   -7.26469   -7.34021   -7.41780   -7.49739   -7.57894   -7.66239

216000.0 -10 205.23235999999997
   20.97015   20.91337   20.74762   20.58091   20.41311   20.24412   20.07381   19.90207   19.72879   19.55386   19.37717   19.19864   19.01815   18.83562   18.65095   18.46407   18.27489   18.08335   17.88936   17.69287   17.49381   17.29214   17.08781   16.88077   16.67100   16.45846   16.24313   14.70922   13.17422   11.63809   10.10081    8.56235    7.02268    5.48179    3.93963    2.39620    0.85148   -0.69456   -2.24193   -3.79064   -5.34070   -6.89213   -6.95225   -7.01436   -7.07845   -7.14451   -7.21252   -7.28245   -7.35428   -7.42798   -7.50351   -7.58081   -7.65986   -7.74059
   20.97015   20.91337   20.74762   20.58091   20.41311   20.24412   20.07381   19.90207   19.72879   19.55386   19.37717   19.19864   19.01815   18.83562   18.65095   18.46407   18.27489   18.08335   17.88936   17.69287   17.49381   17.29214   17.08781   16.88077   16.67100   16.45846   16.24313   14.70922   13.17422   11.63809   10.10081    8.56235    7.02268    5.48179    3.93963    2.39620    0.85148   -0.69456   -2.24193   -3.79064   -5.34070   -6.89213   -6.95225   -7.01436   -7.07845   -7.14451   -7.21252   -7.28245   -7.35428   -7.42798   -7.50351   -7.58081   -7.65986   -7.74059

223200.0 -10 211.99352499999986
   20.95081   20.89298   20.72425   20.55461   20.38393   20.21212   20.03905   19.86463   19.68874   19.51128   19.33216   19.15127   18.96854   18.78387   18.59717   18.40837   18.21740   18.02418   17.82866   17.63076   17.43044   17.22765   17.02235   16.81449   16.60405   16.39100   16.17533   14.63960   13.10284   11.56504   10.02617    8.48620    6.94513    5.40292    3.85957    2.31507    0.76938   -0.77749   -2.32555   -3.87482   -5.42530   -6.97700   -7.03702   -7.09880   -7.16234   -7.22763   -7.29466   -7.36339   -7.43381   -7.50588   -7.57958   -7.65486   -7.73168   -7.81000
   20.95081   20.89298   20.72425   20.55461   20.38393   20.21212   20.03905   19.86463   19.68874   19.51128   19.33216   19.15127   18.96854   18.78387   18.59717   18.40837   18.21740   18.02418   17.82866   17.63076   17.43044   17.22765   17.02235   16.81449   16.60405   16.39100   16.17533   14.63960   13.10284   11.56504   10.02617    8.48620    6.94513    5.40292    3.85957    2.31507    0.76938   -0.77749   -2.32555   -3.87482   -5.42530   -6.97700   -7.03702   -7.09880   -7.16234   -7.22763   -7.29466   -7.36339   -7.43381   -7.50588   -7.57958   -7.65486   -7.73168   -7.81000

230400.0 -10 219.0142609999998
   20.93242   20.87359   20.70204   20.52961   20.35620   20.18172   20.00604   19.82907   19.65071   19.47087   19.28944   19.10635   18.92151   18.73482   18.54622   18.35564   18.16299   17.96822   17.77127   17.57207   17.37059   17.16678   16.96059   16.75200   16.54097   16.32749   16.11154   14.57440   13.03631   11.49725    9.95719    8.41612    6.87403    5.33091    3.78673    2.24151    0.69521   -0.85215   -2.40059   -3.95012   -5.50072   -7.05241   -7.11233   -7.17382   -7.23687   -7.30147   -7.36761   -7.43527   -7.50443   -7.57506   -7.64713   -7.72061   -7.79545   -7.87163
   20.93242   20.87359   20.70204   20.52961   20.35620   20.18172   20.00604   19.82907   19.65071   19.47087   19.28944   19.10635   18.92151   18.73482   18.54622   18.35564   18.16299   17.96822   17.77127   17.57207   17.37059   17.16678   16.96059   16.75200   16.54097   16.32749   16.11154   14.57440   13.03631   11.49725    9.95719    8.41612    6.87403    5.33091    3.78673    2.24151    0.69521   -0.85215   -2.40059   -3.95012   -5.50072   -7.05241   -7.11233   -7.17382   -7.23687   -7.30147   -7.36761   -7.43527   -7.50443   -7.57506   -7.64713   -7.72061   -7.79545   -7.87163

237600.0 -10 225.6022640000001
   20.91496   20.85519   20.68095   20.50588   20.32989   20.15287   19.97472   19.79535   19.61466   19.43257   19.24898   19.06381   18.87697   18.68840   18.49802   18.30576   18.11155   17.91534   17.71706   17.51667   17.31412   17.10937   16.90239   16.69314   16.48159   16.26774   16.05155   14.51338   12.97431   11.43433    9.89343    8.35159    6.80882    5.26509    3.72041    2.17476    0.62815   -0.91943   -2.46799   -4.01751   -5.56800   -7.11946   -7.17928   -7.24050   -7.30310   -7.36709   -7.43244   -7.49915   -7.56718   -7.63652   -7.70715   -7.77902   -7.85211   -7.92638
   20.91496   20.85519   20.68095   20.50588   20.32989   20.15287   19.97472   19.79535   19.61466   19.43257   19.24898   19.06381   18.87697   18.68840   18.49802   18.30576   18.11155   17.91534   17.71706   17.51667   17.31412   17.10937   16.90239   16.69314   16.48159   16.26774   16.05155   14.51338   12.97431   11.43433    9.89343    8.35159    6.80882    5.26509    3.72041    2.17476    0.62815   -0.91943   -2.46799   -4.01751   -5.56800   -7.11946   -7.17928   -7.24050   -7.30310   -7.36709   -7.43244   -7.49915   -7.56718   -7.63652   -7.70715   -7.77902   -7.85211   -7.92638

244800.0 -10 232.24810399999978
   20.89841   20.83775   20.66096   20.48340   20.30496   20.12554   19.94506   19.76342   19.58054   19.39632   19.21069   19.02356   18.83486   18.64452   18.45247   18.25864   18.06298   17.86542   17.66592   17.46442   17.26089   17.05529   16.84758   16.63773   16.42573   16.21155   15.99519   14.45628   12.91653   11.37592    9.83446    8.29214    6.74896    5.20490    3.65996    2.11415    0.56746   -0.98011   -2.52856   -4.07788   -5.62806   -7.17911   -7.23884   -7.29981   -7.36201   -7.42544   -7.49009   -7.55594   -7.62297   -7.69116   -7.76050   -7.83095   -7.90247   -7.97505
   20.89841   20.83775   20.66096   20.48340   20.30496   20.12554   19.94506   19.76342   19.58054   19.39632   19.21069   19.02356   18.83486   18.64452   18.45247   18.25864   18.06298   17.86542   17.66592   17.46442   17.26089   17.05529   16.84758   16.63773   16.42573   16.21155   15.99519   14.45628   12.91653   11.37592    9.83446    8.29214    6.74896    5.20490    3.65996    2.11415    0.56746   -0.98011   -2.52856   -4.07788   -5.62806   -7.17911   -7.23884   -7.29981   -7.36201   -7.42544   -7.49009   -7.55594   -7.62297   -7.69116   -7.76050   -7.83095   -7.90247   -7.97505

252000.0 -10 238.9322790000001
   20.88275   20.82123   20.64204   20.46212   20.28136   20.09969   19.91700   19.73322   19.54827   19.36205   19.17450   18.98553   18.79508   18.60309   18.40947   18.21418   18.01716   17.81835   17.61771   17.41519   17.21076   17.00437   16.79600   16.58562   16.37322   16.15877   15.94227   14.40287   12.86268   11.32170    9.77992    8.23735    6.69398    5.14981    3.60483    2.05906    0.51249   -1.03488   -2.58304   -4.13199   -5.68171   -7.23221   -7.29184   -7.35258   -7.41442   -7.47736   -7.54137   -7.60646   -7.67260   -7.73977   -7.80795   -7.87713   -7.94727   -8.01834
   20.88275   20.82123   20.64204   20.46212   20.28136   20.09969   19.91700   19.73322   19.54827   19.36205   19.17450   18.98553   18.79508   18.60309   18.40947   18.21418   18.01716   17.81835   17.61771   17.41519   17.21076   17.00437   16.79600   16.58562   16.37322   16.15877   15.94227   14.40287   12.86268   11.32170    9.77992    8.23735    6.69398    5.14981    3.60483    2.05906    0.51249   -1.03488   -2.58304   -4.13199   -5.68171   -7.23221   -7.29184   -7.35258   -7.41442   -7.47736   -7.54137   -7.60646   -7.67260   -7.73977   -7.80795   -7.87713   -7.94727   -8.01834

259200.0 -10 245.61667099999977
   20.86793   20.80562   20.62416   20.44200   20.25906   20.07525   19.89049   19.70469   19.51778   19.32969   19.14033   18.94964   18.75755   18.56399   18.36892   18.17226   17.97397   17.77400   17.57231   17.36884   17.16357   16.95647   16.74750   16.53664   16.32388   16.10920   15.89260   14.35292   12.81250   11.27135    9.72945    8.18683    6.64346    5.09936    3.55452    2.00895    0.46265   -1.08436   -2.63209   -4.18053   -5.72967   -7.27950   -7.33905   -7.39958   -7.46109   -7.52358   -7.58702   -7.65143   -7.71677   -7.78303   -7.85019   -7.91823   -7.98713   -8.05686
   20.86793   20.80562   20.62416   20.44200   20.25906   20.07525   19.89049   19.70469   19.51778   19.32969   19.14033   18.94964   18.75755   18.56399   18.36892   18.17226   17.97397   17.77400   17.57231   17.36884   17.16357   16.95647   16.74750   16.53664   16.32388   16.10920   15.89260   14.35292   12.81250   11.27135    9.72945    8.18683    6.64346    5.09936    3.55452    2.00895    0.46265   -1.08436   -2.63209   -4.18053   -5.72967   -7.27950   -7.33905   -7.39958   -7.46109   -7.52358   -7.58702   -7.65143   -7.71677   -7.78303   -7.85019   -7.91823   -7.98713   -8.05686

266400.0 -10 252.39805399999977
   20.85394   20.79087   20.60727   20.42301   20.23800   20.05218   19.86546   19.67777   19.48902   19.29916   19.10810   18.91579   18.72216   18.52715   18.33071   18.13278   17.93331   17.73226   17.52958   17.32524   17.11920   16.91144   16.70193   16.49064   16.27756   16.06269   15.84600   14.30622   12.76574   11.22459    9.68274    8.14021    6.59701    5.05312    3.50856    1.96333    0.41745   -1.12910   -2.67629   -4.22412   -5.77257   -7.32164   -7.38111   -7.44145   -7.50266   -7.56475   -7.62769   -7.69148   -7.75610   -7.82155   -7.88780   -7.95483   -8.02263   -8.09117
   20.85394   20.79087   20.60727   20.42301   20.23800   20.05218   19.86546   19.67777   19.48902   19.29916   19.10810   18.91579   18.72216   18.52715   18.33071   18.13278   17.93331   17.73226   17.52958   17.32524   17.11920   16.91144   16.70193   16.49064   16.27756   16.06269   15.84600   14.30622   12.76574   11.22459    9.68274    8.14021    6.59701    5.05312    3.50856    1.96333    0.41745   -1.12910   -2.67629   -4.22412   -5.77257   -7.32164   -7.38111   -7.44145   -7.50266   -7.56475   -7.62769   -7.69148   -7.75610   -7.82155   -7.88780   -7.95483   -8.02263   -8.09117

273600.0 -10 259.6502989999999
   20.84074   20.77695   20.59133   20.40508   20.21814   20.03043   19.84186   19.65238   19.46191   19.27038   19.07773   18.88390   18.68883   18.49245   18.29473   18.09561   17.89504   17.69298   17.48940   17.28425   17.07750   16.86914   16.65913   16.44745   16.23410   16.01906   15.80232   14.26257   12.72218   11.18115    9.63949    8.09719    6.55427    5.01072    3.46655    1.92177    0.37639   -1.16958   -2.71614   -4.26328   -5.81098   -7.35923   -7.41861   -7.47878   -7.53973   -7.60145   -7.66393   -7.72717   -7.79116   -7.85588   -7.92131   -7.98744   -8.05426   -8.12173
   20.84074   20.77695   20.59133   20.40508   20.21814   20.03043   19.84186   19.65238   19.46191   19.27038   19.07773   18.88390   18.68883   18.49245   18.29473   18.09561   17.89504   17.69298   17.48940   17.28425   17.07750   16.86914   16.65913   16.44745   16.23410   16.01906   15.80232   14.26257   12.72218   11.18115    9.63949    8.09719    6.55427    5.01072    3.46655    1.92177    0.37639   -1.16958   -2.71614   -4.26328   -5.81098   -7.35923   -7.41861   -7.47878   -7.53973   -7.60145   -7.66393   -7.72717   -7.79116   -7.85588   -7.92131   -7.98744   -8.05426   -8.12173

280800.0 -10 266.2782219999999
   20.82830   20.76383   20.57631   20.38819   20.19942   20.00992   19.81963   19.62846   19.43637   19.24328   19.04914   18.85388   18.65745   18.45980   18.26089   18.06065   17.85906   17.65606   17.45163   17.24574   17.03834   16.82942   16.61896   16.40693   16.19333   15.97815   15.76138   14.22179   12.68160   11.14081    9.59943    8.05747    6.51493    4.97181    3.42813    1.88388    0.33909   -1.20624   -2.75211   -4.29849   -5.84538   -7.39277   -7.45208   -7.51209   -7.57279   -7.63418   -7.69625   -7.75900   -7.82242   -7.88649   -7.95119   -8.01652   -8.08246   -8.14898
   20.82830   20.76383   20.57631   20.38819   20.19942   20.00992   19.81963   19.62846   19.43637   19.24328   19.04914   18.85388   18.65745   18.45980   18.26089   18.06065   17.85906   17.65606   17.45163   17.24574   17.03834   16.82942   16.61896   16.40693   16.19333   15.97815   15.76138   14.22179   12.68160   11.14081    9.59943    8.05747    6.51493    4.97181    3.42813    1.88388    0.33909   -1.20624   -2.75211   -4.29849   -5.84538   -7.39277   -7.45208   -7.51209   -7.57279   -7.63418   -7.69625   -7.75900   -7.82242   -7.88649   -7.95119   -8.01652   -8.08246   -8.14898

288000.0 -10 272.87632600000006
   20.81658   20.75148   20.56216   20.37229   20.18180   19.99062   19.79869   19.60595   19.41233   19.21778   19.02223   18.82564   18.62795   18.42910   18.22907   18.02780   17.82525   17.62138   17.41617   17.20957   17.00158   16.79215   16.58127   16.36893   16.15512   15.93982   15.72303   14.18369   12.64379   11.10333    9.56233    8.02078    6.47870    4.93608    3.39295    1.84931    0.30516   -1.23948   -2.78460   -4.33019   -5.87623   -7.42272   -7.48196   -7.54182   -7.60230   -7.66339   -7.72510   -7.78741   -7.85031   -7.91380   -7.97785   -8.04246   -8.10762   -8.17329
   20.81658   20.75148   20.56216   20.37229   20.18180   19.99062   19.79869   19.60595   19.41233   19.21778   19.02223   18.82564   18.62795   18.42910   18.22907   18.02780   17.82525   17.62138   17.41617   17.20957   17.00158   16.79215   16.58127   16.36893   16.15512   15.93982   15.72303   14.18369   12.64379   11.10333    9.56233    8.02078    6.47870    4.93608    3.39295    1.84931    0.30516   -1.23948   -2.78460   -4.33019   -5.87623   -7.42272   -7.48196   -7.54182   -7.60230   -7.66339   -7.72510   -7.78741   -7.85031   -7.91380   -7.97785   -8.04246   -8.10762   -8.17329

295200.0 -10 279.5456939999999
   20.80554   20.73985   20.54884   20.35732   20.16521   19.97246   19.77900   19.58478   19.38973   19.19380   18.99694   18.79909   18.60021   18.40026   18.19918   17.99694   17.79349   17.58882   17.38288   17.17564   16.96709   16.75719   16.54594   16.33332   16.11931   15.90391   15.68711   14.14810   12.60856   11.06851    9.52794    7.98688    6.44531    4.90326    3.36073    1.81773    0.27428   -1.26963   -2.81397   -4.35873   -5.90391   -7.44949   -7.50866   -7.56838   -7.62866   -7.68949   -7.75086   -7.81278   -7.87522   -7.93818   -8.00165   -8.06562   -8.13008   -8.19500
   20.80554   20.73985   20.54884   20.35732   20.16521   19.97246   19.77900   19.58478   19.38973   19.19380   18.99694   18.79909   18.60021   18.40026   18.19918   17.99694   17.79349   17.58882   17.38288   17.17564   16.96709   16.75719   16.54594   16.33332   16.11931   15.90391   15.68711   14.14810   12.60856   11.06851    9.52794    7.98688    6.44531    4.90326    3.36073    1.81773    0.27428   -1.26963   -2.81397   -4.35873   -5.90391   -7.44949   -7.50866   -7.56838   -7.62866   -7.68949   -7.75086   -7.81278   -7.87522   -7.93818   -8.00165   -8.06562   -8.13008   -8.19500

302400.0 -10 286.19417999999996
   20.79517   20.72892   20.53632   20.34325   20.14962   19.95539   19.76049   19.56487   19.36848   19.17126   18.97317   18.77415   18.57416   18.37316   18.17111   17.96796   17.76369   17.55826   17.35165   17.14381   16.93475   16.72442   16.51283   16.29994   16.08577   15.87028   15.65350   14.11487   12.57575   11.03615    9.49608    7.95553    6.41454    4.87309    3.33120    1.78888    0.24614   -1.29700   -2.84054   -4.38447   -5.92877   -7.47342   -7.53253   -7.59213   -7.65222   -7.71281   -7.77389   -7.83544   -7.89747   -7.95997   -8.02292   -8.08632   -8.15014   -8.21439
   20.79517   20.72892   20.53632   20.34325   20.14962   19.95539   19.76049   19.56487   19.36848   19.17126   18.97317   18.77415   18.57416   18.37316   18.17111   17.96796   17.76369   17.55826   17.35165   17.14381   16.93475   16.72442   16.51283   16.29994   16.08577   15.87028   15.65350   14.11487   12.57575   11.03615    9.49608    7.95553    6.41454    4.87309    3.33120    1.78888    0.24614   -1.29700   -2.84054   -4.38447   -5.92877   -7.47342   -7.53253   -7.59213   -7.65222   -7.71281   -7.77389   -7.83544   -7.89747   -7.95997   -8.02292   -8.08632   -8.15014   -8.21439

309600.0 -10 292.75226900000007
   20.78542   20.71864   20.52456   20.33002   20.13497   19.93935   19.74310   19.54618   19.34853   19.15010   18.95085   18.75074   18.54971   18.34773   18.14477   17.94078   17.73574   17.52960   17.32236   17.11398   16.90444   16.69372   16.48181   16.26869   16.05436   15.83881   15.62204   14.08384   12.54518   11.00608    9.46653    7.92655    6.38615    4.84533    3.30411    1.76250    0.22050   -1.32188   -2.86461   -4.40769   -5.95111   -7.49484   -7.55388   -7.61337   -7.67330   -7.73367   -7.79448   -7.85571   -7.91737   -7.97945   -8.04193   -8.10481   -8.16808   -8.23173
   20.78542   20.71864   20.52456   20.33002   20.13497   19.93935   19.74310   19.54618   19.34853   19.15010   18.95085   18.75074   18.54971   18.34773   18.14477   17.94078   17.73574   17.52960   17.32236   17.11398   16.90444   16.69372   16.48181   16.26869   16.05436   15.83881   15.62204   14.08384   12.54518   11.00608    9.46653    7.92655    6.38615    4.84533    3.30411    1.76250    0.22050   -1.32188   -2.86461   -4.40769   -5.95111   -7.49484   -7.55388   -7.61337   -7.67330   -7.73367   -7.79448   -7.85571   -7.91737   -7.97945   -8.04193   -8.10481   -8.16808   -8.23173

316800.0 -10 299.3238019999999
   20.77626   20.70899   20.51351   20.31760   20.12121   19.92428   19.72677   19.52862   19.32979   19.13024   18.92991   18.72877   18.52677   18.32388   18.12006   17.91529   17.70952   17.50274   17.29491   17.08602   16.87604   16.66496   16.45276   16.23943   16.02497   15.80936   15.59262   14.05488   12.51671   10.97813    9.43914    7.89975    6.35996    4.81979    3.27925    1.73835    0.19710   -1.34450   -2.88642   -4.42866   -5.97120   -7.51403   -7.57301   -7.63239   -7.69217   -7.75234   -7.81290   -7.87385   -7.93518   -7.99688   -8.05895   -8.12137   -8.18413   -8.24723
   20.77626   20.70899   20.51351   20.31760   20.12121   19.92428   19.72677   19.52862   19.32979   19.13024   18.92991   18.72877   18.52677   18.32388   18.12006   17.91529   17.70952   17.50274   17.29491   17.08602   16.87604   16.66496   16.45276   16.23943   16.02497   15.80936   15.59262   14.05488   12.51671   10.97813    9.43914    7.89975    6.35996    4.81979    3.27925    1.73835    0.19710   -1.34450   -2.88642   -4.42866   -5.97120   -7.51403   -7.57301   -7.63239   -7.69217   -7.75234   -7.81290   -7.87385   -7.93518   -7.99688   -8.05895   -8.12137   -8.18413   -8.24723

324000.0 -10 305.967897
   20.76767   20.69993   20.50314   20.30594   20.10830   19.91015   19.71145   19.51215   19.31222   19.11160   18.91026   18.70816   18.50525   18.30151   18.09690   17.89140   17.68496   17.47757   17.26920   17.05983   16.84944   16.63803   16.42557   16.21205   15.99747   15.78182   15.56510   14.02785   12.49020   10.95215    9.41373    7.87494    6.33578    4.79627    3.25642    1.71624    0.17573   -1.36509   -2.90620   -4.44761   -5.98928   -7.53122   -7.59015   -7.64943   -7.70907   -7.76906   -7.82941   -7.89010   -7.95113   -8.01249   -8.07418   -8.13618   -8.19850   -8.26112
   20.76767   20.69993   20.50314   20.30594   20.10830   19.91015   19.71145   19.51215   19.31222   19.11160   18.91026   18.70816   18.50525   18.30151   18.09690   17.89140   17.68496   17.47757   17.26920   17.05983   16.84944   16.63803   16.42557   16.21205   15.99747   15.78182   15.56510   14.02785   12.49020   10.95215    9.41373    7.87494    6.33578    4.79627    3.25642    1.71624    0.17573   -1.36509   -2.90620   -4.44761   -5.98928   -7.53122   -7.59015   -7.64943   -7.70907   -7.76906   -7.82941   -7.89010   -7.95113   -8.01249   -8.07418   -8.13618   -8.19850   -8.26112

331200.0 -10 312.5698739999998
   20.75960   20.69143   20.49341   20.29501   20.09618   19.89689   19.69708   19.49671   19.29574   19.09413   18.89185   18.68884   18.48509   18.28055   18.07520   17.86901   17.66194   17.45399   17.24512   17.03531   16.82455   16.61282   16.40012   16.18643   15.97174   15.75606   15.53938   14.00262   12.46550   10.92801    9.39017    7.85198    6.31346    4.77461    3.23544    1.69597    0.15621   -1.38384   -2.92416   -4.46475   -6.00558   -7.54664   -7.60551   -7.66471   -7.72422   -7.78405   -7.84420   -7.90466   -7.96541   -8.02647   -8.08783   -8.14946   -8.21138   -8.27356
   20.75960   20.69143   20.49341   20.29501   20.09618   19.89689   19.69708   19.49671   19.29574   19.09413   18.89185   18.68884   18.48509   18.28055   18.07520   17.86901   17.66194   17.45399   17.24512   17.03531   16.82455   16.61282   16.40012   16.18643   15.97174   15.75606   15.53938   14.00262   12.46550   10.92801    9.39017    7.85198    6.31346    4.77461    3.23544    1.69597    0.15621   -1.38384   -2.92416   -4.46475   -6.00558   -7.54664   -7.60551   -7.66471   -7.72422   -7.78405   -7.84420   -7.90466   -7.96541   -8.02647   -8.08783   -8.14946   -8.21138   -8.27356

338400.0 -10 319.5460720000001
   20.75204   20.68346   20.48428   20.28475   20.08483   19.88446   19.68361   19.48223   19.28029   19.07776   18.87459   18.67074   18.46620   18.26092   18.05487   17.84804   17.64039   17.43191   17.22257   17.01236   16.80125   16.58924   16.37632   16.16247   15.94769   15.73198   15.51533   13.97909   12.44249   10.90556    9.36830    7.83072    6.29283    4.75464    3.21616    1.67739    0.13836   -1.40094   -2.94048   -4.48026   -6.02027   -7.56048   -7.61931   -7.67842   -7.73782   -7.79750   -7.85747   -7.91771   -7.97823   -8.03902   -8.10006   -8.16137   -8.22292   -8.28472
   20.75204   20.68346   20.48428   20.28475   20.08483   19.88446   19.68361   19.48223   19.28029   19.07776   18.87459   18.67074   18.46620   18.26092   18.05487   17.84804   17.64039   17.43191   17.22257   17.01236   16.80125   16.58924   16.37632   16.16247   15.94769   15.73198   15.51533   13.97909   12.44249   10.90556    9.36830    7.83072    6.29283    4.75464    3.21616    1.67739    0.13836   -1.40094   -2.94048   -4.48026   -6.02027   -7.56048   -7.61931   -7.67842   -7.73782   -7.79750   -7.85747   -7.91771   -7.97823   -8.03902   -8.10006   -8.16137   -8.22292   -8.28472

345600.0 -10 326.30810599999995
   20.74495   20.67599   20.47573   20.27514   20.07418   19.87281   19.67098   19.46867   19.26582   19.06242   18.85842   18.65379   18.44850   18.24253   18.03584   17.82841   17.62022   17.41125   17.20148   16.99088   16.77946   16.56718   16.35406   16.14007   15.92520   15.70947   15.49287   13.95713   12.42107   10.88469    9.34801    7.81104    6.27377    4.73623    3.19841    1.66034    0.12202   -1.41654   -2.95532   -4.49432   -6.03352   -7.57292   -7.63170   -7.69073   -7.75003   -7.80958   -7.86938   -7.92944   -7.98973   -8.05027   -8.11105   -8.17205   -8.23328   -8.29473
   20.74495   20.67599   20.47573   20.27514   20.07418   19.87281   19.67098   19.46867   19.26582   19.06242   18.85842   18.65379   18.44850   18.24253   18.03584   17.82841   17.62022   17.41125   17.20148   16.99088   16.77946   16.56718   16.35406   16.14007   15.92520   15.70947   15.49287   13.95713   12.42107   10.88469    9.34801    7.81104    6.27377    4.73623    3.19841    1.66034    0.12202   -1.41654   -2.95532   -4.49432   -6.03352   -7.57292   -7.63170   -7.69073   -7.75003   -7.80958   -7.86938   -7.92944   -7.98973   -8.05027   -8.11105   -8.17205   -8.23328   -8.29473

352800.0 -10 332.91649400000006
   20.73831   20.66899   20.46772   20.26614   20.06421   19.86190   19.65916   19.45596   19.25227   19.04805   18.84328   18.63791   18.43194   18.22531   18.01802   17.81004   17.60135   17.39192   17.18174   16.97080   16.75907   16.54656   16.33325   16.11912   15.90419   15.68844   15.47188   13.93665   12.40111   10.86529    9.32918    7.79280    6.25615    4.71924    3.18208    1.64469    0.10706   -1.43078   -2.96883   -4.50707   -6.04550   -7.58410   -7.64283   -7.70180   -7.76100   -7.82043   -7.88008   -7.93997   -8.00007   -8.06038   -8.12091   -8.18165   -8.24259   -8.30372
   20.73831   20.66899   20.46772   20.26614   20.06421   19.86190   19.65916   19.45596   19.25227   19.04805   18.84328   18.63791   18.43194   18.22531   18.01802   17.81004   17.60135   17.39192   17.18174   16.97080   16.75907   16.54656   16.33325   16.11912   15.90419   15.68844   15.47188   13.93665   12.40111   10.86529    9.32918    7.79280    6.25615    4.71924    3.18208    1.64469    0.10706   -1.43078   -2.96883   -4.50707   -6.04550   -7.58410   -7.64283   -7.70180   -7.76100   -7.82043   -7.88008   -7.93997   -8.00007   -8.06038   -8.12091   -8.18165   -8.24259   -8.30372

360000.0 -10 339.6068869999999
   20.73209   20.66243   20.46022   20.25771   20.05488   19.85168   19.64809   19.44407   19.23958   19.03461   18.82911   18.62306   18.41643   18.20921   18.00135   17.79285   17.58369   17.37384   17.16328   16.95201   16.74002   16.52728   16.31379   16.09955   15.88455   15.66879   15.45227   13.91754   12.38253   10.84725    9.31170    7.77590    6.23985    4.70356    3.16704    1.63030    0.09336   -1.44379   -2.98113   -4.51864   -6.05632   -7.59416   -7.65285   -7.71176   -7.77087   -7.83019   -7.88971   -7.94943   -8.00936   -8.06947   -8.12978   -8.19028   -8.25095   -8.31180
   20.73209   20.66243   20.46022   20.25771   20.05488   19.85168   19.64809   19.44407   19.23958   19.03461   18.82911   18.62306   18.41643   18.20921   18.00135   17.79285   17.58369   17.37384   17.16328   16.95201   16.74002   16.52728   16.31379   16.09955   15.88455   15.66879   15.45227   13.91754   12.38253   10.84725    9.31170    7.77590    6.23985    4.70356    3.16704    1.63030    0.09336   -1.44379   -2.98113   -4.51864   -6.05632   -7.59416   -7.65285   -7.71176   -7.77087   -7.83019   -7.88971   -7.94943   -8.00936   -8.06947   -8.12978   -8.19028   -8.25095   -8.31180

367200.0 -10 346.418549
   20.72627   20.65630   20.45320   20.24982   20.04614   19.84212   19.63773   19.43293   19.22771   19.02202   18.81585   18.60916   18.40193   18.19414   17.98576   17.77678   17.56717   17.35693   17.14603   16.93446   16.72220   16.50926   16.29562   16.08127   15.86621   15.65044   15.43397   13.89973   12.36523   10.83047    9.29547    7.76024    6.22477    4.68908    3.15318    1.61708    0.08079   -1.45569   -2.99234   -4.52915   -6.06611   -7.60322   -7.66187   -7.72072   -7.77975   -7.83897   -7.89837   -7.95795   -8.01771   -8.07765   -8.13776   -8.19803   -8.25847   -8.31907
   20.72627   20.65630   20.45320   20.24982   20.04614   19.84212   19.63773   19.43293   19.22771   19.02202   18.81585   18.60916   18.40193   18.19414   17.98576   17.77678   17.56717   17.35693   17.14603   16.93446   16.72220   16.50926   16.29562   16.08127   15.86621   15.65044   15.43397   13.89973   12.36523   10.83047    9.29547    7.76024    6.22477    4.68908    3.15318    1.61708    0.08079   -1.45569   -2.99234   -4.52915   -6.06611   -7.60322   -7.66187   -7.72072   -7.77975   -7.83897   -7.89837   -7.95795   -8.01771   -8.07765   -8.13776   -8.19803   -8.25847   -8.31907

374400.0 -10 352.9614539999998
   20.72082   20.65056   20.44662   20.24244   20.03796   19.83317   19.62803   19.42252   19.21660   19.01025   18.80344   18.59616   18.38836   18.18005   17.97118   17.76175   17.55174   17.34112   17.12990   16.91804   16.70556   16.49242   16.27864   16.06419   15.84908   15.63331   15.41687   13.88312   12.34911   10.81487    9.28041    7.74572    6.21082    4.67571    3.14041    1.60492    0.06926   -1.46657   -3.00256   -4.53870   -6.07498   -7.61139   -7.67000   -7.72879   -7.78775   -7.84688   -7.90617   -7.96562   -8.02524   -8.08501   -8.14494   -8.20502   -8.26525   -8.32561
   20.72082   20.65056   20.44662   20.24244   20.03796   19.83317   19.62803   19.42252   19.21660   19.01025   18.80344   18.59616   18.38836   18.18005   17.97118   17.76175   17.55174   17.34112   17.12990   16.91804   16.70556   16.49242   16.27864   16.06419   15.84908   15.63331   15.41687   13.88312   12.34911   10.81487    9.28041    7.74572    6.21082    4.67571    3.14041    1.60492    0.06926   -1.46657   -3.00256   -4.53870   -6.07498   -7.61139   -7.67000   -7.72879   -7.78775   -7.84688   -7.90617   -7.96562   -8.02524   -8.08501   -8.14494   -8.20502   -8.26525   -8.32561

381600.0 -10 359.523138
   20.71573   20.64518   20.44048   20.23553   20.03031   19.82480   19.61897   19.41278   19.20621   18.99924   18.79185   18.58400   18.37568   18.16687   17.95755   17.74770   17.53731   17.32635   17.11482   16.90271   16.69000   16.47669   16.26277   16.04824   15.83309   15.61731   15.40092   13.86763   12.33411   10.80037    9.26641    7.73225    6.19790    4.66336    3.12863    1.59373    0.05867   -1.47654   -3.01190   -4.54739   -6.08302   -7.61875   -7.67734   -7.73607   -7.79496   -7.85401   -7.91320   -7.97254   -8.03202   -8.09165   -8.15141   -8.21132   -8.27135   -8.33151
   20.71573   20.64518   20.44048   20.23553   20.03031   19.82480   19.61897   19.41278   19.20621   18.99924   18.79185   18.58400   18.37568   18.16687   17.95755   17.74770   17.53731   17.32635   17.11482   16.90271   16.69000   16.47669   16.26277   16.04824   15.83309   15.61731   15.40092   13.86763   12.33411   10.80037    9.26641    7.73225    6.19790    4.66336    3.12863    1.59373    0.05867   -1.47654   -3.01190   -4.54739   -6.08302   -7.61875   -7.67734   -7.73607   -7.79496   -7.85401   -7.91320   -7.97254   -8.03202   -8.09165   -8.15141   -8.21132   -8.27135   -8.33151

388800.0 -10 366.11826500000006
   20.71096   20.64016   20.43473   20.22907   20.02316   19.81698   19.61049   19.40367   19.19650   18.98895   18.78100   18.57264   18.36383   18.15456   17.94481   17.73457   17.52382   17.31255   17.10074   16.88839   16.67548   16.46201   16.24796   16.03335   15.81815   15.60238   15.38603   13.85319   12.32013   10.78687    9.25342    7.71977    6.18594    4.65193    3.11776    1.58343    0.04895   -1.48567   -3.02043   -4.55531   -6.09030   -7.62540   -7.68395   -7.74265   -7.80147   -7.86044   -7.91954   -7.97877   -8.03814   -8.09763   -8.15725   -8.21699   -8.27685   -8.33683
   20.71096   20.64016   20.43473   20.22907   20.02316   19.81698   19.61049   19.40367   19.19650   18.98895   18.78100   18.57264   18.36383   18.15456   17.94481   17.73457   17.52382   17.31255   17.10074   16.88839   16.67548   16.46201   16.24796   16.03335   15.81815   15.60238   15.38603   13.85319   12.32013   10.78687    9.25342    7.71977    6.18594    4.65193    3.11776    1.58343    0.04895   -1.48567   -3.02043   -4.55531   -6.09030   -7.62540   -7.68395   -7.74265   -7.80147   -7.86044   -7.91954   -7.97877   -8.03814   -8.09763   -8.15725   -8.21699   -8.27685   -8.33683

396000.0 -10 372.71434899999986
   20.70651   20.63546   20.42935   20.22303   20.01647   19.80966   19.60256   19.39516   19.18742   18.97933   18.77087   18.56201   18.35275   18.14305   17.93291   17.72230   17.51122   17.29966   17.08759   16.87501   16.66191   16.44829   16.23413   16.01944   15.80421   15.58844   15.37213   13.83972   12.30712   10.77432    9.24134    7.70819    6.17486    4.64137    3.10773    1.57394    0.04001   -1.49405   -3.02823   -4.56252   -6.09692   -7.63141   -7.68993   -7.74858   -7.80735   -7.86625   -7.92527   -7.98440   -8.04366   -8.10303   -8.16252   -8.22212   -8.28182   -8.34163
   20.70651   20.63546   20.42935   20.22303   20.01647   19.80966   19.60256   19.39516   19.18742   18.97933   18.77087   18.56201   18.35275   18.14305   17.93291   17.72230   17.51122   17.29966   17.08759   16.87501   16.66191   16.44829   16.23413   16.01944   15.80421   15.58844   15.37213   13.83972   12.30712   10.77432    9.24134    7.70819    6.17486    4.64137    3.10773    1.57394    0.04001   -1.49405   -3.02823   -4.56252   -6.09692   -7.63141   -7.68993   -7.74858   -7.80735   -7.86625   -7.92527   -7.98440   -8.04366   -8.10303   -8.16252   -8.22212   -8.28182   -8.34163

403200.0 -10 379.3243769999999
   20.70234   20.63107   20.42433   20.21738   20.01022   19.80282   19.59515   19.38720   19.17893   18.97034   18.76140   18.55209   18.34240   18.13230   17.92179   17.71085   17.49946   17.28761   17.07530   16.86252   16.64925   16.43548   16.22122   16.00647   15.79120   15.57544   15.35917   13.82718   12.29500   10.76265    9.23013    7.69744    6.16460    4.63160    3.09847    1.56519    0.03179   -1.50173   -3.03536   -4.56910   -6.10293   -7.63685   -7.69534   -7.75395   -7.81267   -7.87150   -7.93044   -7.98949   -8.04865   -8.10791   -8.16728   -8.22674   -8.28631   -8.34596
   20.70234   20.63107   20.42433   20.21738   20.01022   19.80282   19.59515   19.38720   19.17893   18.97034   18.76140   18.55209   18.34240   18.13230   17.92179   17.71085   17.49946   17.28761   17.07530   16.86252   16.64925   16.43548   16.22122   16.00647   15.79120   15.57544   15.35917   13.82718   12.29500   10.76265    9.23013    7.69744    6.16460    4.63160    3.09847    1.56519    0.03179   -1.50173   -3.03536   -4.56910   -6.10293   -7.63685   -7.69534   -7.75395   -7.81267   -7.87150   -7.93044   -7.98949   -8.04865   -8.10791   -8.16728   -8.22674   -8.28631   -8.34596

410400.0 -10 386.52320199999986
   20.69845   20.62697   20.41963   20.21211   20.00438   19.79643   19.58823   19.37976   19.17101   18.96194   18.75255   18.54282   18.33273   18.12226   17.91140   17.70015   17.48847   17.27637   17.06384   16.85085   16.63742   16.42353   16.20918   15.99435   15.77906   15.56330   15.34707   13.81548   12.28372   10.75179    9.21971    7.68747    6.15509    4.62256    3.08991    1.55713    0.02423   -1.50878   -3.04189   -4.57510   -6.10839   -7.64177   -7.70023   -7.75880   -7.81748   -7.87625   -7.93512   -7.99409   -8.05316   -8.11233   -8.17158   -8.23093   -8.29036   -8.34988
   20.69845   20.62697   20.41963   20.21211   20.00438   19.79643   19.58823   19.37976   19.17101   18.96194   18.75255   18.54282   18.33273   18.12226   17.91140   17.70015   17.48847   17.27637   17.06384   16.85085   16.63742   16.42353   16.20918   15.99435   15.77906   15.56330   15.34707   13.81548   12.28372   10.75179    9.21971    7.68747    6.15509    4.62256    3.08991    1.55713    0.02423   -1.50878   -3.04189   -4.57510   -6.10839   -7.64177   -7.70023   -7.75880   -7.81748   -7.87625   -7.93512   -7.99409   -8.05316   -8.11233   -8.17158   -8.23093   -8.29036   -8.34988

417600.0 -10 393.23035900000013
   20.69481   20.62314   20.41524   20.20718   19.99893   19.79046   19.58177   19.37282   19.16360   18.95410   18.74429   18.53416   18.32370   18.11288   17.90171   17.69015   17.47821   17.26587   17.05313   16.83997   16.62639   16.41237   16.19793   15.98305   15.76774   15.55198   15.33579   13.80458   12.27321   10.74169    9.21003    7.67822    6.14627    4.61420    3.08200    1.54969    0.01726   -1.51526   -3.04788   -4.58058   -6.11336   -7.64622   -7.70466   -7.76320   -7.82183   -7.88055   -7.93936   -7.99826   -8.05724   -8.11632   -8.17547   -8.23471   -8.29403   -8.35343
   20.69481   20.62314   20.41524   20.20718   19.99893   19.79046   19.58177   19.37282   19.16360   18.95410   18.74429   18.53416   18.32370   18.11288   17.90171   17.69015   17.47821   17.26587   17.05313   16.83997   16.62639   16.41237   16.19793   15.98305   15.76774   15.55198   15.33579   13.80458   12.27321   10.74169    9.21003    7.67822    6.14627    4.61420    3.08200    1.54969    0.01726   -1.51526   -3.04788   -4.58058   -6.11336   -7.64622   -7.70466   -7.76320   -7.82183   -7.88055   -7.93936   -7.99826   -8.05724   -8.11632   -8.17547   -8.23471   -8.29403   -8.35343

424800.0 -10 399.8799829999998
   20.69141   20.61956   20.41115   20.20258   19.99383   19.78489   19.57573   19.36633   19.15669   18.94677   18.73658   18.52608   18.31527   18.10413   17.89265   17.68083   17.46864   17.25608   17.04314   16.82981   16.61609   16.40196   16.18744   15.97251   15.75717   15.54142   15.32526   13.79442   12.26343   10.73230    9.20103    7.66963    6.13810    4.60645    3.07469    1.54282    0.01085   -1.52121   -3.05336   -4.58559   -6.11789   -7.65026   -7.70868   -7.76718   -7.82577   -7.88444   -7.94320   -8.00203   -8.06094   -8.11993   -8.17900   -8.23814   -8.29736   -8.35664
   20.69141   20.61956   20.41115   20.20258   19.99383   19.78489   19.57573   19.36633   19.15669   18.94677   18.73658   18.52608   18.31527   18.10413   17.89265   17.68083   17.46864   17.25608   17.04314   16.82981   16.61609   16.40196   16.18744   15.97251   15.75717   15.54142   15.32526   13.79442   12.26343   10.73230    9.20103    7.66963    6.13810    4.60645    3.07469    1.54282    0.01085   -1.52121   -3.05336   -4.58559   -6.11789   -7.65026   -7.70868   -7.76718   -7.82577   -7.88444   -7.94320   -8.00203   -8.06094   -8.11993   -8.17900   -8.23814   -8.29736   -8.35664

432000.0 -10 406.4621619999998
   20.68824   20.61621   20.40732   20.19828   19.98907   19.77968   19.57009   19.36028   19.15023   18.93993   18.72937   18.51853   18.30740   18.09596   17.88420   17.67212   17.45970   17.24693   17.03381   16.82033   16.60648   16.39225   16.17765   15.96267   15.74731   15.53157   15.31545   13.78496   12.25432   10.72356    9.19267    7.66165    6.13052    4.59927    3.06793    1.53648    0.00494   -1.52669   -3.05839   -4.59017   -6.12202   -7.65393   -7.71232   -7.77080   -7.82935   -7.88798   -7.94668   -8.00545   -8.06430   -8.12321   -8.18220   -8.24125   -8.30037   -8.35955
   20.68824   20.61621   20.40732   20.19828   19.98907   19.77968   19.57009   19.36028   19.15023   18.93993   18.72937   18.51853   18.30740   18.09596   17.88420   17.67212   17.45970   17.24693   17.03381   16.82033   16.60648   16.39225   16.17765   15.96267   15.74731   15.53157   15.31545   13.78496   12.25432   10.72356    9.19267    7.66165    6.13052    4.59927    3.06793    1.53648    0.00494   -1.52669   -3.05839   -4.59017   -6.12202   -7.65393   -7.71232   -7.77080   -7.82935   -7.88798   -7.94668   -8.00545   -8.06430   -8.12321   -8.18220   -8.24125   -8.30037   -8.35955

