7200.0
   22.00000   22.00000   22.00000   22.00000   22.00000   22.00000   22.00000   22.00000   22.00000   22.00000   22.00000   22.00000   22.00000   21.99999   21.99999   21.99998   21.99996   21.99993   21.99987   21.99976   21.99958   21.99928   21.99878   21.99797   21.99669   21.99469   21.99163   21.96475   21.93583   21.90333   21.86563   21.82096   21.76739   21.70281   21.62487   21.53099   21.41833   21.28378   21.12400   20.93538   20.71408   20.45607   20.41571   20.31553   20.15500   19.93343   19.65005   19.30410   18.89493   18.42211   17.88551   17.28543   16.62263   15.89842
   22.00000   22.00000   22.00000   22.00000   22.00000   22.00000   22.00000   22.00000   22.00000   22.00000   22.00000   22.00000   22.00000   21.99999   21.99999   21.99998   21.99996   21.99993   21.99987   21.99976   21.99958   21.99928   21.99878   21.99797   21.99669   21.99469   21.99163   21.96475   21.93583   21.90333   21.86563   21.82096   21.76739   21.70281   21.62487   21.53099   21.41833   21.28378   21.12400   20.93538   20.71408   20.45607   20.41571   20.31553   20.15500   19.93343   19.65005   19.30410   18.89493   18.42211   17.88551   17.28543   16.62263   15.89842

14400.0
   21.99999   21.99999   21.99998   21.99997   21.99995   21.99993   21.99989   21.99983   21.99974   21.99961   21.99943   21.99916   21.99877   21.99822   21.99746   21.99639   21.99493   21.99293   21.99023   21.98663   21.98185   21.97559   21.96743   21.95693   21.94352   21.92655   21.90528   21.73617   21.56266   21.38228   21.19257   20.99101   20.77510   20.54232   20.29014   20.01601   19.71740   19.39179   19.03665   18.64950   18.22788   17.76938   17.72263   17.61877   17.45790   17.24024   16.96619   16.63628   16.25122   15.81185   15.31918   14.77440   14.17883   13.53395
   21.99999   21.99999   21.99998   21.99997   21.99995   21.99993   21.99989   21.99983   21.99974   21.99961   21.99943   21.99916   21.99877   21.99822   21.99746   21.99639   21.99493   21.99293   21.99023   21.98663   21.98185   21.97559   21.96743   21.95693   21.94352   21.92655   21.90528   21.73617   21.56266   21.38228   21.19257   20.99101   20.77510   20.54232   20.29014   20.01601   19.71740   19.39179   19.03665   18.64950   18.22788   17.76938   17.72263   17.61877   17.45790   17.24024   16.96619   16.63628   16.25122   15.81185   15.31918   14.77440   14.17883   13.53395

21600.0
   21.99958   21.99954   21.99937   21.99914   21.99883   21.99842   21.99787   21.99714   21.99619   21.99496   21.99336   21.99130   21.98868   21.98536   21.98116   21.97590   21.96935   21.96125   21.95127   21.93907   21.92424   21.90632   21.88478   21.85906   21.82852   21.79245   21.75011   21.42476   21.09448   20.75699   20.41005   20.05141   19.67881   19.29004   18.88289   18.45518   18.00475   17.52949   17.02732   16.49621   15.93419   15.33932   15.29076   15.19171   15.04228   14.84272   14.59342   14.29490   13.94785   13.55305   13.11145   12.62413   12.09227   11.51721
   21.99958   21.99954   21.99937   21.99914   21.99883   21.99842   21.99787   21.99714   21.99619   21.99496   21.99336   21.99130   21.98868   21.98536   21.98116   21.97590   21.96935   21.96125   21.95127   21.93907   21.92424   21.90632   21.88478   21.85906   21.82852   21.79245   21.75011   21.42476   21.09448   20.75699   20.41005   20.05141   19.67881   19.29004   18.88289   18.45518   18.00475   17.52949   17.02732   16.49621   15.93419   15.33932   15.29076   15.19171   15.04228   14.84272   14.59342   14.29490   13.94785   13.55305   13.11145   12.62413   12.09227   11.51721

28800.0
   21.99712   21.99691   21.99605   21.99497   21.99361   21.99191   21.98980   21.98720   21.98399   21.98007   21.97529   21.96950   21.96250   21.95409   21.94404   21.93206   21.91786   21.90110   21.88141   21.85836   21.83151   21.80037   21.76439   21.72301   21.67561   21.62155   21.56012   21.09602   20.62690   20.15078   19.66572   19.16974   18.66093   18.13734   17.59709   17.03829   16.45910   15.85771   15.23236   14.58130   13.90286   13.19540   13.14563   13.05136   12.91268   12.72984   12.50317   12.23315   11.92036   11.56553   11.16948   10.73316   10.25762    9.74404
   21.99712   21.99691   21.99605   21.99497   21.99361   21.99191   21.98980   21.98720   21.98399   21.98007   21.97529   21.96950   21.96250   21.95409   21.94404   21.93206   21.91786   21.90110   21.88141   21.85836   21.83151   21.80037   21.76439   21.72301   21.67561   21.62155   21.56012   21.09602   20.62690   20.15078   19.66572   19.16974   18.66093   18.13734   17.59709   17.03829   16.45910   15.85771   15.23236   14.58130   13.90286   13.19540   13.14563   13.05136   12.91268   12.72984   12.50317   12.23315   11.92036   11.56553   11.16948   10.73316   10.25762    9.74404

36000.0
   21.99056   21.98993   21.98757   21.98474   21.98135   21.97731   21.97249   21.96676   21.95999   21.95200   21.94261   21.93160   21.91876   21.90382   21.88650   21.86650   21.84348   21.81708   21.78692   21.75256   21.71358   21.66953   21.61992   21.56428   21.50214   21.43305   21.35657   20.78689   20.21339   19.63521   19.05157   18.46174   17.86514   17.26128   16.64981   16.03057   15.40354   14.76889   14.12697   13.47829   12.82355   12.16358   12.13528   12.10100   12.06112   12.01622   11.96704   11.91441   11.85923   11.80236   11.74461   11.68664   11.62897   11.57189
   21.99056   21.98993   21.98757   21.98474   21.98135   21.97731   21.97249   21.96676   21.95999   21.95200   21.94261   21.93160   21.91876   21.90382   21.88650   21.86650   21.84348   21.81708   21.78692   21.75256   21.71358   21.66953   21.61992   21.56428   21.50214   21.43305   21.35657   20.78689   20.21339   19.63521   19.05157   18.46174   17.86514   17.26128   16.64981   16.03057   15.40354   14.76889   14.12697   13.47829   12.82355   12.16358   12.13528   12.10100   12.06112   12.01622   11.96704   11.91441   11.85923   11.80236   11.74461   11.68664   11.62897   11.57189

43200.0
   21.97872   21.97737   21.97260   21.96710   21.96074   21.95338   21.94487   21.93506   21.92376   21.91078   21.89592   21.87894   21.85961   21.83768   21.81287   21.78490   21.75349   21.71833   21.67913   21.63558   21.58740   21.53431   21.47604   21.41237   21.34308   21.26801   21.18704   20.59200   19.99458   19.39468   18.79220   18.18707   17.57925   16.96871   16.35543   15.73944   15.12078   14.49951   13.87574   13.24956   12.62112   11.99055   11.96506   11.93672   11.90557   11.87166   11.83503   11.79576   11.75392   11.70960   11.66288   11.61385   11.56258   11.50915
   21.97872   21.97737   21.97260   21.96710   21.96074   21.95338   21.94487   21.93506   21.92376   21.91078   21.89592   21.87894   21.85961   21.83768   21.81287   21.78490   21.75349   21.71833   21.67913   21.63558   21.58740   21.53431   21.47604   21.41237   21.34308   21.26801   21.18704   20.59200   19.99458   19.39468   18.79220   18.18707   17.57925   16.96871   16.35543   15.73944   15.12078   14.49951   13.87574   13.24956   12.62112   11.99055   11.96506   11.93672   11.90557   11.87166   11.83503   11.79576   11.75392   11.70960   11.66288   11.61385   11.56258   11.50915

50400.0
   21.96158   21.95923   21.95128   21.94237   21.93235   21.92106   21.90833   21.89401   21.87790   21.85982   21.83956   21.81693   21.79172   21.76370   21.73267   21.69839   21.66066   21.61926   21.57399   21.52464   21.47103   21.41300   21.35038   21.28306   21.21092   21.13389   21.05190   20.45334   19.85287   19.25047   18.64613   18.03984   17.43160   16.82141   16.20929   15.59524   14.97928   14.36145   13.74177   13.12027   12.49701   11.87202   11.84695   11.81946   11.78954   11.75722   11.72253   11.68549   11.64614   11.60452   11.56069   11.51470   11.46661   11.41648
   21.96158   21.95923   21.95128   21.94237   21.93235   21.92106   21.90833   21.89401   21.87790   21.85982   21.83956   21.81693   21.79172   21.76370   21.73267   21.69839   21.66066   21.61926   21.57399   21.52464   21.47103   21.41300   21.35038   21.28306   21.21092   21.13389   21.05190   20.45334   19.85287   19.25047   18.64613   18.03984   17.43160   16.82141   16.20929   15.59524   14.97928   14.36145   13.74177   13.12027   12.49701   11.87202   11.84695   11.81946   11.78954   11.75722   11.72253   11.68549   11.64614   11.60452   11.56069   11.51470   11.46661   11.41648

57600.0
   21.94044   21.93690   21.92531   21.91261   21.89864   21.88326   21.86630   21.84758   21.82694   21.80420   21.77920   21.75174   21.72166   21.68877   21.65290   21.61389   21.57155   21.52574   21.47630   21.42309   21.36598   21.30485   21.23959   21.17013   21.09639   21.01831   20.93588   20.33631   19.73508   19.13217   18.52757   17.92130   17.31334   16.70371   16.09241   15.47946   14.86486   14.24864   13.63081   13.01141   12.39045   11.76797   11.74314   11.71615   11.68701   11.65572   11.62232   11.58683   11.54928   11.50971   11.46815   11.42467   11.37930   11.33211
   21.94044   21.93690   21.92531   21.91261   21.89864   21.88326   21.86630   21.84758   21.82694   21.80420   21.77920   21.75174   21.72166   21.68877   21.65290   21.61389   21.57155   21.52574   21.47630   21.42309   21.36598   21.30485   21.23959   21.17013   21.09639   21.01831   20.93588   20.33631   19.73508   19.13217   18.52757   17.92130   17.31334   16.70371   16.09241   15.47946   14.86486   14.24864   13.63081   13.01141   12.39045   11.76797   11.74314   11.71615   11.68701   11.65572   11.62232   11.58683   11.54928   11.50971   11.46815   11.42467   11.37930   11.33211

64800.0
   21.91715   21.91231   21.89688   21.88030   21.86239   21.84300   21.82198   21.79917   21.77440   21.74753   21.71839   21.68682   21.65269   21.61583   21.57609   21.53335   21.48746   21.43830   21.38575   21.32969   21.27003   21.20667   21.13954   21.06858   20.99373   20.91496   20.83223   20.23218   19.63062   19.02756   18.42299   17.81691   17.20933   16.60025   15.98968   15.37764   14.76413   14.14918   13.53280   12.91502   12.29585   11.67532   11.65069   11.62413   11.59565   11.56527   11.53299   11.49886   11.46288   11.42511   11.38557   11.34430   11.30136   11.25679
   21.91715   21.91231   21.89688   21.88030   21.86239   21.84300   21.82198   21.79917   21.77440   21.74753   21.71839   21.68682   21.65269   21.61583   21.57609   21.53335   21.48746   21.43830   21.38575   21.32969   21.27003   21.20667   21.13954   21.06858   20.99373   20.91496   20.83223   20.23218   19.63062   19.02756   18.42299   17.81691   17.20933   16.60025   15.98968   15.37764   14.76413   14.14918   13.53280   12.91502   12.29585   11.67532   11.65069   11.62413   11.59565   11.56527   11.53299   11.49886   11.46288   11.42511   11.38557   11.34430   11.30136   11.25679

72000.0
   21.89314   21.88698   21.86772   21.84730   21.82555   21.80233   21.77749   21.75088   21.72235   21.69175   21.65895   21.62381   21.58619   21.54595   21.50299   21.45716   21.40837   21.35649   21.30144   21.24313   21.18146   21.11637   21.04779   20.97568   20.89999   20.82069   20.73777   20.13754   19.53593   18.93294   18.32859   17.72286   17.11577   16.50732   15.89754   15.28642   14.67399   14.06025   13.44524   12.82896   12.21145   11.59273   11.56827   11.54210   11.51421   11.48463   11.45336   11.42043   11.38586   11.34968   11.31193   11.27265   11.23187   11.18963
   21.89314   21.88698   21.86772   21.84730   21.82555   21.80233   21.77749   21.75088   21.72235   21.69175   21.65895   21.62381   21.58619   21.54595   21.50299   21.45716   21.40837   21.35649   21.30144   21.24313   21.18146   21.11637   21.04779   20.97568   20.89999   20.82069   20.73777   20.13754   19.53593   18.93294   18.32859   17.72286   17.11577   16.50732   15.89754   15.28642   14.67399   14.06025   13.44524   12.82896   12.21145   11.59273   11.56827   11.54210   11.51421   11.48463   11.45336   11.42043   11.38586   11.34968   11.31193   11.27265   11.23187   11.18963

79200.0
   21.86933   21.86187   21.83887   21.81474   21.78931   21.76245   21.73402   21.70387   21.67187   21.63789   21.60179   21.56345   21.52274   21.47955   21.43377   21.38529   21.33400   21.27982   21.22265   21.16241   21.09901   21.03238   20.96244   20.88909   20.81226   20.73182   20.64763   20.03751   19.42537   18.81063   18.19271   17.57095   16.94466   16.31305   15.67527   15.03038   14.37735   13.71503   13.04222   12.35759   11.65975   10.94723   10.90799   10.84506   10.75825   10.64732   10.51199   10.35201   10.16715    9.95729    9.72240    9.46262    9.17829    8.86992
   21.86933   21.86187   21.83887   21.81474   21.78931   21.76245   21.73402   21.70387   21.67187   21.63789   21.60179   21.56345   21.52274   21.47955   21.43377   21.38529   21.33400   21.27982   21.22265   21.16241   21.09901   21.03238   20.96244   20.88909   20.81226   20.73182   20.64763   20.03751   19.42537   18.81063   18.19271   17.57095   16.94466   16.31305   15.67527   15.03038   14.37735   13.71503   13.04222   12.35759   11.65975   10.94723   10.90799   10.84506   10.75825   10.64732   10.51199   10.35201   10.16715    9.95729    9.72240    9.46262    9.17829    8.86992

86400.0
   21.84622   21.83750   21.81091   21.78322   21.75429   21.72399   21.69217   21.65870   21.62345   21.58630   21.54711   21.50576   21.46212   21.41608   21.36751   21.31629   21.26228   21.20536   21.14538   21.08221   21.01568   20.94562   20.87184   20.79412   20.71225   20.62594   20.53492   19.87240   19.20709   18.53805   17.86440   17.18520   16.49955   15.80653   15.10520   14.39464   13.67394   12.94218   12.19843   11.44181   10.67143    9.88641    9.84496    9.78098    9.69452    9.58568    9.45462    9.30154    9.12673    8.93054    8.71335    8.47563    8.21791    7.94078
   21.84622   21.83750   21.81091   21.78322   21.75429   21.72399   21.69217   21.65870   21.62345   21.58630   21.54711   21.50576   21.46212   21.41608   21.36751   21.31629   21.26228   21.20536   21.14538   21.08221   21.01568   20.94562   20.87184   20.79412   20.71225   20.62594   20.53492   19.87240   19.20709   18.53805   17.86440   17.18520   16.49955   15.80653   15.10520   14.39464   13.67394   12.94218   12.19843   11.44181   10.67143    9.88641    9.84496    9.78098    9.69452    9.58568    9.45462    9.30154    9.12673    8.93054    8.71335    8.47563    8.21791    7.94078

93600.0
   21.82393   21.81400   21.78393   21.75279   21.72045   21.68675   21.65157   21.61477   21.57621   21.53575   21.49325   21.44856   21.40155   21.35207   21.29995   21.24504   21.18718   21.12619   21.06188   20.99405   20.92250   20.84700   20.76729   20.68312   20.59419   20.50019   20.40075   19.67585   18.94766   18.21504   17.47689   16.73205   15.97934   15.21757   14.44550   13.66185   12.86533   12.05460   11.22828   10.38499    9.52329    8.64176    8.59231    8.51185    8.40034    8.25775    8.08409    7.87945    7.64395    7.37784    7.08147    6.75532    6.39999    6.01627
   21.82393   21.81400   21.78393   21.75279   21.72045   21.68675   21.65157   21.61477   21.57621   21.53575   21.49325   21.44856   21.40155   21.35207   21.29995   21.24504   21.18718   21.12619   21.06188   20.99405   20.92250   20.84700   20.76729   20.68312   20.59419   20.50019   20.40075   19.67585   18.94766   18.21504   17.47689   16.73205   15.97934   15.21757   14.44550   13.66185   12.86533   12.05460   11.22828   10.38499    9.52329    8.64176    8.59231    8.51185    8.40034    8.25775    8.08409    7.87945    7.64395    7.37784    7.08147    6.75532    6.39999    6.01627

100800.0
   21.80198   21.79084   21.75728   21.72264   21.68678   21.64955   21.61081   21.57041   21.52820   21.48402   21.43772   21.38912   21.33807   21.28438   21.22786   21.16833   21.10557   21.03937   20.96950   20.89570   20.81771   20.73525   20.64801   20.55566   20.45784   20.35419   20.24429   19.44227   18.63655   17.82597   17.00934   16.18550   15.35327   14.51150   13.65903   12.79471   11.91740   11.02600   10.11939    9.19651    8.25630    7.29773    7.24677    7.16766    7.06047    6.92532    6.76242    6.57207    6.35463    6.11054    5.84032    5.54456    5.22391    4.87913
   21.80198   21.79084   21.75728   21.72264   21.68678   21.64955   21.61081   21.57041   21.52820   21.48402   21.43772   21.38912   21.33807   21.28438   21.22786   21.16833   21.10557   21.03937   20.96950   20.89570   20.81771   20.73525   20.64801   20.55566   20.45784   20.35419   20.24429   19.44227   18.63655   17.82597   17.00934   16.18550   15.35327   14.51150   13.65903   12.79471   11.91740   11.02600   10.11939    9.19651    8.25630    7.29773    7.24677    7.16766    7.06047    6.92532    6.76242    6.57207    6.35463    6.11054    5.84032    5.54456    5.22391    4.87913

108000.0
   21.77957   21.76720   21.72999   21.69165   21.65205   21.61101   21.56838   21.52399   21.47768   21.42927   21.37858   21.32543   21.26961   21.21092   21.14915   21.08408   21.01546   20.94305   20.86659   20.78581   20.70040   20.61007   20.51451   20.41337   20.30631   20.19297   20.07298   19.19810   18.31953   17.43622   16.54714   15.65126   14.74756   13.83504   12.91269   11.97953   11.03459   10.07693    9.10563    8.11978    7.11851    6.10097    6.04945    5.97309    5.87192    5.74610    5.59580    5.42130    5.22292    5.00107    4.75621    4.48887    4.19963    3.88916
   21.77957   21.76720   21.72999   21.69165   21.65205   21.61101   21.56838   21.52399   21.47768   21.42927   21.37858   21.32543   21.26961   21.21092   21.14915   21.08408   21.01546   20.94305   20.86659   20.78581   20.70040   20.61007   20.51451   20.41337   20.30631   20.19297   20.07298   19.19810   18.31953   17.43622   16.54714   15.65126   14.74756   13.83504   12.91269   11.97953   11.03459   10.07693    9.10563    8.11978    7.11851    6.10097    6.04945    5.97309    5.87192    5.74610    5.59580    5.42130    5.22292    5.00107    4.75621    4.48887    4.19963    3.88916

115200.0
   21.75596   21.74226   21.70115   21.65885   21.61518   21.56997   21.52306   21.47426   21.42339   21.37026   21.31466   21.25640   21.19525   21.13101   21.06343   20.99229   20.91732   20.83828   20.75489   20.66688   20.57396   20.47582   20.37217   20.26270   20.14707   20.02497   19.89606   18.95764   18.01562   17.06910   16.11718   15.15899   14.19365   13.22028   12.23803   11.24605   10.24353    9.22965    8.20361    7.16467    6.11206    5.04507    4.99318    4.91936    4.82368    4.70625    4.56724    4.40688    4.22548    4.02338    3.80100    3.55880    3.29730    3.01707
   21.75596   21.74226   21.70115   21.65885   21.61518   21.56997   21.52306   21.47426   21.42339   21.37026   21.31466   21.25640   21.19525   21.13101   21.06343   20.99229   20.91732   20.83828   20.75489   20.66688   20.57396   20.47582   20.37217   20.26270   20.14707   20.02497   19.89606   18.95764   18.01562   17.06910   16.11718   15.15899   14.19365   13.22028   12.23803   11.24605   10.24353    9.22965    8.20361    7.16467    6.11206    5.04507    4.99318    4.91936    4.82368    4.70625    4.56724    4.40688    4.22548    4.02338    3.80100    3.55880    3.29730    3.01707

122400.0
   21.73064   21.71553   21.67023   21.62363   21.57558   21.52587   21.47433   21.42077   21.36498   21.30677   21.24593   21.18224   21.11548   21.04542   20.97183   20.89447   20.81308   20.72742   20.63723   20.54224   20.44221   20.33688   20.22600   20.10935   19.98672   19.85797   19.72299   18.74460   17.76389   16.78092   15.79584   14.80885   13.82028   12.83055   11.84024   10.85006    9.86087    8.87370    7.88975    6.91036    5.93703    4.97139    4.94164    4.92579    4.92418    4.93730    4.96572    5.01007    5.07099    5.14901    5.24458    5.35794    5.48912    5.63791
   21.73064   21.71553   21.67023   21.62363   21.57558   21.52587   21.47433   21.42077   21.36498   21.30677   21.24593   21.18224   21.11548   21.04542   20.97183   20.89447   20.81308   20.72742   20.63723   20.54224   20.44221   20.33688   20.22600   20.10935   19.98672   19.85797   19.72299   18.74460   17.76389   16.78092   15.79584   14.80885   13.82028   12.83055   11.84024   10.85006    9.86087    8.87370    7.88975    6.91036    5.93703    4.97139    4.94164    4.92579    4.92418    4.93730    4.96572    5.01007    5.07099    5.14901    5.24458    5.35794    5.48912    5.63791

129600.0
   21.70351   21.68689   21.63711   21.58596   21.53324   21.47879   21.42239   21.36385   21.30298   21.23957   21.17341   21.10431   21.03205   20.95643   20.87725   20.79432   20.70744   20.61644   20.52117   20.42148   20.31726   20.20843   20.09494   19.97680   19.85404   19.72678   19.59517   18.64848   17.70091   16.75317   15.80599   14.86008   13.91619   12.97510   12.03756   11.10438   10.17635    9.25429    8.33902    7.43137    6.53215    5.64219    5.61580    5.60408    5.60701    5.62456    5.65665    5.70316    5.76394    5.83878    5.92746    6.02967    6.14508    6.27332
   21.70351   21.68689   21.63711   21.58596   21.53324   21.47879   21.42239   21.36385   21.30298   21.23957   21.17341   21.10431   21.03205   20.95643   20.87725   20.79432   20.70744   20.61644   20.52117   20.42148   20.31726   20.20843   20.09494   19.97680   19.85404   19.72678   19.59517   18.64848   17.70091   16.75317   15.80599   14.86008   13.91619   12.97510   12.03756   11.10438   10.17635    9.25429    8.33902    7.43137    6.53215    5.64219    5.61580    5.60408    5.60701    5.62456    5.65665    5.70316    5.76394    5.83878    5.92746    6.02967    6.14508    6.27332

136800.0
   21.67495   21.65675   21.60234   21.54652   21.48910   21.42990   21.36873   21.30541   21.23977   21.17161   21.10078   21.02709   20.95040   20.87055   20.78740   20.70083   20.61073   20.51701   20.41961   20.31848   20.21362   20.10503   19.99277   19.87692   19.75759   19.63496   19.50920   18.60856   17.70749   16.80670   15.90686   15.00866   14.11279   13.21994   12.33079   11.44603   10.56634    9.69238    8.82481    7.96430    7.11147    6.26695    6.24144    6.22892    6.22937    6.24272    6.26890    6.30776    6.35914    6.42283    6.49859    6.58616    6.68522    6.79544
   21.67495   21.65675   21.60234   21.54652   21.48910   21.42990   21.36873   21.30541   21.23977   21.17161   21.10078   21.02709   20.95040   20.87055   20.78740   20.70083   20.61073   20.51701   20.41961   20.31848   20.21362   20.10503   19.99277   19.87692   19.75759   19.63496   19.50920   18.60856   17.70749   16.80670   15.90686   15.00866   14.11279   13.21994   12.33079   11.44603   10.56634    9.69238    8.82481    7.96430    7.11147    6.26695    6.24144    6.22892    6.22937    6.24272    6.26890    6.30776    6.35914    6.42283    6.49859    6.58616    6.68522    6.79544

144000.0
   21.64619   21.62642   21.56749   21.50719   21.44534   21.38177   21.31633   21.24884   21.17916   21.10713   21.03263   20.95553   20.87570   20.79305   20.70749   20.61894   20.52734   20.43267   20.33490   20.23405   20.13013   20.02322   19.91338   19.80072   19.68538   19.56751   19.44730   18.58870   17.72989   16.87148   16.01406   15.15823   14.30461   13.45378   12.60634   11.76289   10.92400   10.09024    9.26219    8.44040    7.62541    6.81776    6.79285    6.77936    6.77728    6.78656    6.80710    6.83879    6.88148    6.93499    6.99912    7.07360    7.15819    7.25256
   21.64619   21.62642   21.56749   21.50719   21.44534   21.38177   21.31633   21.24884   21.17916   21.10713   21.03263   20.95553   20.87570   20.79305   20.70749   20.61894   20.52734   20.43267   20.33490   20.23405   20.13013   20.02322   19.91338   19.80072   19.68538   19.56751   19.44730   18.58870   17.72989   16.87148   16.01406   15.15823   14.30461   13.45378   12.60634   11.76289   10.92400   10.09024    9.26219    8.44040    7.62541    6.81776    6.79285    6.77936    6.77728    6.78656    6.80710    6.83879    6.88148    6.93499    6.99912    7.07360    7.15819    7.25256

151200.0
   21.61873   21.59748   21.53437   21.46998   21.40417   21.33677   21.26765   21.19667   21.12371   21.04864   20.97136   20.89178   20.80980   20.72536   20.63839   20.54887   20.45676   20.36205   20.26476   20.16491   20.06255   19.95775   19.85060   19.74121   19.62970   19.51623   19.40095   18.57923   17.75742   16.93605   16.11564   15.29672   14.47981   13.66544   12.85411   12.04633   11.24263   10.44348    9.64939    8.86082    8.07826    7.30215    7.27773    7.26337    7.25903    7.26467    7.28022    7.30557    7.34059    7.38513    7.43899    7.50196    7.57381    7.65427
   21.61873   21.59748   21.53437   21.46998   21.40417   21.33677   21.26765   21.19667   21.12371   21.04864   20.97136   20.89178   20.80980   20.72536   20.63839   20.54887   20.45676   20.36205   20.26476   20.16491   20.06255   19.95775   19.85060   19.74121   19.62970   19.51623   19.40095   18.57923   17.75742   16.93605   16.11564   15.29672   14.47981   13.66544   12.85411   12.04633   11.24263   10.44348    9.64939    8.86082    8.07826    7.30215    7.27773    7.26337    7.25903    7.26467    7.28022    7.30557    7.34059    7.38513    7.43899    7.50196    7.57381    7.65427

158400.0
   21.59361   21.57102   21.50416   21.43616   21.36688   21.29619   21.22397   21.15010   21.07448   20.99702   20.91762   20.83622   20.75275   20.66716   20.57942   20.48950   20.39740   20.30312   20.20668   20.10814   20.00752   19.90492   19.80042   19.69412   19.58614   19.47661   19.36569   18.57619   17.78669   16.99763   16.20948   15.42270   14.63774   13.85505   13.07509   12.29829   11.52510   10.75596    9.99127    9.23147    8.47695    7.72812    7.70413    7.68897    7.68262    7.68506    7.69621    7.71597    7.74424    7.78087    7.82571    7.87855    7.93920    8.00742
   21.59361   21.57102   21.50416   21.43616   21.36688   21.29619   21.22397   21.15010   21.07448   20.99702   20.91762   20.83622   20.75275   20.66716   20.57942   20.48950   20.39740   20.30312   20.20668   20.10814   20.00752   19.90492   19.80042   19.69412   19.58614   19.47661   19.36569   18.57619   17.78669   16.99763   16.20948   15.42270   14.63774   13.85505   13.07509   12.29829   11.52510   10.75596    9.99127    9.23147    8.47695    7.72812    7.70413    7.68897    7.68262    7.68506    7.69621    7.71597    7.74424    7.78087    7.82571    7.87855    7.93920    8.00742

165600.0
   21.57129   21.54750   21.47737   21.40623   21.33397   21.26048   21.18565   21.10940   21.03163   20.95226   20.87123   20.78848   20.70396   20.61764   20.52950   20.43952   20.34770   20.25406   20.15862   20.06141   19.96249   19.86189   19.75969   19.65592   19.55065   19.44389   19.33566   18.56436   17.79235   17.01946   16.24548   15.47017   14.69321   13.91420   13.13268   12.34806   11.55969   10.76678    9.96847    9.16379    8.35166    7.53094    7.49235    7.43938    7.37181    7.28935    7.19166    7.07838    6.94916    6.80372    6.64188    6.46356    6.26888    6.05811
   21.57129   21.54750   21.47737   21.40623   21.33397   21.26048   21.18565   21.10940   21.03163   20.95226   20.87123   20.78848   20.70396   20.61764   20.52950   20.43952   20.34770   20.25406   20.15862   20.06141   19.96249   19.86189   19.75969   19.65592   19.55065   19.44389   19.33566   18.56436   17.79235   17.01946   16.24548   15.47017   14.69321   13.91420   13.13268   12.34806   11.55969   10.76678    9.96847    9.16379    8.35166    7.53094    7.49235    7.43938    7.37181    7.28935    7.19166    7.07838    6.94916    6.80372    6.64188    6.46356    6.26888    6.05811

172800.0
   21.55183   21.52702   21.45405   21.38022   21.30542   21.22956   21.15254   21.07429   20.99474   20.91381   20.83144   20.74758   20.66218   20.57520   20.48661   20.39637   20.30445   20.21082   20.11546   20.01832   19.91937   19.81854   19.71578   19.61098   19.50406   19.39486   19.28323   18.48385   17.68293   16.87989   16.07417   15.26519   14.45238   13.63513   12.81286   11.98497   11.15083   10.30986    9.46143    8.60495    7.73980    6.86540    6.82475    6.76978    6.70052    6.61701    6.51936    6.40769    6.28217    6.14300    5.99044    5.82477    5.64633    5.45548
   21.55183   21.52702   21.45405   21.38022   21.30542   21.22956   21.15254   21.07429   20.99474   20.91381   20.83144   20.74758   20.66218   20.57520   20.48661   20.39637   20.30445   20.21082   20.11546   20.01832   19.91937   19.81854   19.71578   19.61098   19.50406   19.39486   19.28323   18.48385   17.68293   16.87989   16.07417   15.26519   14.45238   13.63513   12.81286   11.98497   11.15083   10.30986    9.46143    8.60495    7.73980    6.86540    6.82475    6.76978    6.70052    6.61701    6.51936    6.40769    6.28217    6.14300    5.99044    5.82477    5.64633    5.45548

180000.0
   21.53497   21.50926   21.43383   21.35763   21.28059   21.20260   21.12359   21.04347   20.96217   20.87962   20.79574   20.71046   20.62371   20.53543   20.44555   20.35400   20.26070   20.16557   20.06853   19.96949   19.86833   19.76494   19.65918   19.55089   19.43990   19.32600   19.20894   18.36821   17.52537   16.67963   15.83013   14.97603   14.11644   13.25044   12.37709   11.49539   10.60430    9.70276    8.78965    7.86383    6.92413    5.96934    5.92081    5.84851    5.75237    5.63234    5.48837    5.32045    5.12862    4.91302    4.67386    4.41145    4.12624    3.81881
   21.53497   21.50926   21.43383   21.35763   21.28059   21.20260   21.12359   21.04347   20.96217   20.87962   20.79574   20.71046   20.62371   20.53543   20.44555   20.35400   20.26070   20.16557   20.06853   19.96949   19.86833   19.76494   19.65918   19.55089   19.43990   19.32600   19.20894   18.36821   17.52537   16.67963   15.83013   14.97603   14.11644   13.25044   12.37709   11.49539   10.60430    9.70276    8.78965    7.86383    6.92413    5.96934    5.92081    5.84851    5.75237    5.63234    5.48837    5.32045    5.12862    4.91302    4.67386    4.41145    4.12624    3.81881

187200.0
   21.51987   21.49334   21.41562   21.33719   21.25796   21.17785   21.09676   21.01461   20.93131   20.84677   20.76090   20.67362   20.58483   20.49443   20.40232   20.30839   20.21252   20.11458   20.01443   19.91193   19.80689   19.69913   19.58845   19.47461   19.35736   19.23642   19.11150   18.21181   17.30956   16.40386   15.49376   14.57836   13.65673   12.72796   11.79113   10.84534    9.88968    8.92327    7.94523    6.95470    5.95083    4.93279    4.88285    4.81113    4.71770    4.60264    4.46613    4.30837    4.12965    3.93031    3.71074    3.47140    3.21279    2.93550
   21.51987   21.49334   21.41562   21.33719   21.25796   21.17785   21.09676   21.01461   20.93131   20.84677   20.76090   20.67362   20.58483   20.49443   20.40232   20.30839   20.21252   20.11458   20.01443   19.91193   19.80689   19.69913   19.58845   19.47461   19.35736   19.23642   19.11150   18.21181   17.30956   16.40386   15.49376   14.57836   13.65673   12.72796   11.79113   10.84534    9.88968    8.92327    7.94523    6.95470    5.95083    4.93279    4.88285    4.81113    4.71770    4.60264    4.46613    4.30837    4.12965    3.93031    3.71074    3.47140    3.21279    2.93550

194400.0
   21.50542   21.47810   21.39809   21.31737   21.23586   21.15344   21.07003   20.98552   20.89981   20.81280   20.72438   20.63442   20.54282   20.44944   20.35415   20.25681   20.15726   20.05534   19.95087   19.84367   19.73353   19.62024   19.50357   19.38328   19.25910   19.13076   18.99798   18.04112   17.08164   16.11873   15.15158   14.17938   13.20132   12.21661   11.22445   10.22406    9.21469    8.19558    7.16599    6.12522    5.07256    4.00733    3.95689    3.88723    3.79839    3.69048    3.56364    3.41807    3.25404    3.07185    2.87186    2.65448    2.42016    2.16942
   21.50542   21.47810   21.39809   21.31737   21.23586   21.15344   21.07003   20.98552   20.89981   20.81280   20.72438   20.63442   20.54282   20.44944   20.35415   20.25681   20.15726   20.05534   19.95087   19.84367   19.73353   19.62024   19.50357   19.38328   19.25910   19.13076   18.99798   18.04112   17.08164   16.11873   15.15158   14.17938   13.20132   12.21661   11.22445   10.22406    9.21469    8.19558    7.16599    6.12522    5.07256    4.00733    3.95689    3.88723    3.79839    3.69048    3.56364    3.41807    3.25404    3.07185    2.87186    2.65448    2.42016    2.16942

201600.0
   21.49061   21.46247   21.38003   21.29684   21.21280   21.12780   21.04173   20.95448   20.86593   20.77596   20.68444   20.59123   20.49620   20.39921   20.30009   20.19870   20.09484   19.98836   19.87905   19.76673   19.65117   19.53218   19.40952   19.28295   19.15224   19.01714   18.87738   17.87047   16.86099   15.84824   14.83151   13.81010   12.78331   11.75047   10.71089    9.66390    8.60886    7.54512    6.47204    5.38904    4.29550    3.19086    3.14008    3.07236    2.98772    2.88627    2.76813    2.63348    2.48256    2.31563    2.13301    1.93506    1.72219    1.49484
   21.49061   21.46247   21.38003   21.29684   21.21280   21.12780   21.04173   20.95448   20.86593   20.77596   20.68444   20.59123   20.49620   20.39921   20.30009   20.19870   20.09484   19.98836   19.87905   19.76673   19.65117   19.53218   19.40952   19.28295   19.15224   19.01714   18.87738   17.87047   16.86099   15.84824   14.83151   13.81010   12.78331   11.75047   10.71089    9.66390    8.60886    7.54512    6.47204    5.38904    4.29550    3.19086    3.14008    3.07236    2.98772    2.88627    2.76813    2.63348    2.48256    2.31563    2.13301    1.93506    1.72219    1.49484

208800.0
   21.47472   21.44569   21.36061   21.27471   21.18788   21.10001   21.01097   20.92065   20.82890   20.73561   20.64062   20.54380   20.44499   20.34405   20.24080   20.13508   20.02672   19.91554   19.80136   19.68399   19.56325   19.43895   19.31092   19.17902   19.04310   18.90309   18.75893   17.72368   16.68707   15.64936   14.61083   13.57186   12.53293   11.49463   10.45767    9.42292    8.39140    7.36427    6.34286    5.32867    4.32331    3.32853    3.29993    3.28961    3.29791    3.32528    3.37228    3.43949    3.52746    3.63669    3.76751    3.92009    4.09435    4.28996
   21.47472   21.44569   21.36061   21.27471   21.18788   21.10001   21.01097   20.92065   20.82890   20.73561   20.64062   20.54380   20.44499   20.34405   20.24080   20.13508   20.02672   19.91554   19.80136   19.68399   19.56325   19.43895   19.31092   19.17902   19.04310   18.90309   18.75893   17.72368   16.68707   15.64936   14.61083   13.57186   12.53293   11.49463   10.45767    9.42292    8.39140    7.36427    6.34286    5.32867    4.32331    3.32853    3.29993    3.28961    3.29791    3.32528    3.37228    3.43949    3.52746    3.63669    3.76751    3.92009    4.09435    4.28996

216000.0
   21.45746   21.42746   21.33950   21.25065   21.16081   21.06984   20.97761   20.88400   20.78888   20.69211   20.59356   20.49308   20.39055   20.28583   20.17879   20.06930   19.95724   19.84251   19.72503   19.60471   19.48151   19.35543   19.22647   19.09470   18.96023   18.82323   18.68390   17.69031   16.69677   15.70413   14.71325   13.72499   12.74023   11.75988   10.78482    9.81599    8.85431    7.90072    6.95615    6.02155    5.09784    4.18596    4.16072    4.15402    4.16585    4.19614    4.24478    4.31161    4.39643    4.49897    4.61891    4.75590    4.90949    5.07922
   21.45746   21.42746   21.33950   21.25065   21.16081   21.06984   20.97761   20.88400   20.78888   20.69211   20.59356   20.49308   20.39055   20.28583   20.17879   20.06930   19.95724   19.84251   19.72503   19.60471   19.48151   19.35543   19.22647   19.09470   18.96023   18.82323   18.68390   17.69031   16.69677   15.70413   14.71325   13.72499   12.74023   11.75988   10.78482    9.81599    8.85431    7.90072    6.95615    6.02155    5.09784    4.18596    4.16072    4.15402    4.16585    4.19614    4.24478    4.31161    4.39643    4.49897    4.61891    4.75590    4.90949    5.07922

223200.0
   21.43903   21.40801   21.31705   21.22518   21.13227   21.03822   20.94289   20.84618   20.74797   20.64815   20.54662   20.44327   20.33801   20.23076   20.12144   20.01001   19.89641   19.78062   19.66265   19.54251   19.42025   19.29594   19.16971   19.04168   18.91203   18.78097   18.64875   17.70976   16.77123   15.83396   14.89876   13.96644   13.03779   12.11363   11.19475   10.28193    9.37596    8.47762    7.58767    6.70686    5.83591    4.97555    4.95119    4.94325    4.95168    4.97643    5.01736    5.07430    5.14704    5.23532    5.33884    5.45726    5.59017    5.73716
   21.43903   21.40801   21.31705   21.22518   21.13227   21.03822   20.94289   20.84618   20.74797   20.64815   20.54662   20.44327   20.33801   20.23076   20.12144   20.01001   19.89641   19.78062   19.66265   19.54251   19.42025   19.29594   19.16971   19.04168   18.91203   18.78097   18.64875   17.70976   16.77123   15.83396   14.89876   13.96644   13.03779   12.11363   11.19475   10.28193    9.37596    8.47762    7.58767    6.70686    5.83591    4.97555    4.95119    4.94325    4.95168    4.97643    5.01736    5.07430    5.14704    5.23532    5.33884    5.45726    5.59017    5.73716

230400.0
   21.42054   21.38852   21.29468   21.19997   21.10428   21.00751   20.90955   20.81033   20.70973   20.60770   20.50415   20.39902   20.29226   20.18384   20.07372   19.96189   19.84837   19.73317   19.61634   19.49795   19.37809   19.25685   19.13438   19.01083   18.88639   18.76125   18.63564   17.74601   16.85700   15.96931   15.08365   14.20072   13.32121   12.44583   11.57527   10.71019    9.85129    8.99921    8.15461    7.31813    6.49039    5.67199    5.64822    5.63890    5.64401    5.66347    5.69717    5.74496    5.80665    5.88201    5.97078    6.07264    6.18725    6.31424
   21.42054   21.38852   21.29468   21.19997   21.10428   21.00751   20.90955   20.81033   20.70973   20.60770   20.50415   20.39902   20.29226   20.18384   20.07372   19.96189   19.84837   19.73317   19.61634   19.49795   19.37809   19.25685   19.13438   19.01083   18.88639   18.76125   18.63564   17.74601   16.85700   15.96931   15.08365   14.20072   13.32121   12.44583   11.57527   10.71019    9.85129    8.99921    8.15461    7.31813    6.49039    5.67199    5.64822    5.63890    5.64401    5.66347    5.69717    5.74496    5.80665    5.88201    5.97078    6.07264    6.18725    6.31424

237600.0
   21.40338   21.37044   21.27406   21.17689   21.07887   20.97989   20.87989   20.77879   20.67653   20.57305   20.46831   20.36228   20.25494   20.14626   20.03627   19.92497   19.81239   19.69860   19.58365   19.46762   19.35062   19.23276   19.11419   18.99504   18.87551   18.75577   18.63603   17.78951   16.94369   16.09918   15.25659   14.41652   13.57958   12.74639   11.91752   11.09358   10.27514    9.46278    8.65705    7.85850    7.06768    6.28508    6.26180    6.25123    6.25335    6.26811    6.29540    6.33510    6.38703    6.45099    6.52674    6.61402    6.71252    6.82191
   21.40338   21.37044   21.27406   21.17689   21.07887   20.97989   20.87989   20.77879   20.67653   20.57305   20.46831   20.36228   20.25494   20.14626   20.03627   19.92497   19.81239   19.69860   19.58365   19.46762   19.35062   19.23276   19.11419   18.99504   18.87551   18.75577   18.63603   17.78951   16.94369   16.09918   15.25659   14.41652   13.57958   12.74639   11.91752   11.09358   10.27514    9.46278    8.65705    7.85850    7.06768    6.28508    6.26180    6.25123    6.25335    6.26811    6.29540    6.33510    6.38703    6.45099    6.52674    6.61402    6.71252    6.82191

244800.0
   21.38849   21.35477   21.25625   21.15709   21.05720   20.95653   20.85502   20.75260   20.64925   20.54493   20.43960   20.33327   20.22593   20.11757   20.00824   19.89795   19.78676   19.67473   19.56193   19.44844   19.33439   19.21987   19.10502   18.98998   18.87492   18.76000   18.64540   17.83643   17.02818   16.22118   15.41599   14.61311   13.81308   13.01642   12.22365   11.43527   10.65180    9.87371    9.10151    8.33566    7.57662    6.82485    6.80195    6.79025    6.78973    6.80034    6.82197    6.85452    6.89785    6.95176    7.01605    7.09049    7.17480    7.26870
   21.38849   21.35477   21.25625   21.15709   21.05720   20.95653   20.85502   20.75260   20.64925   20.54493   20.43960   20.33327   20.22593   20.11757   20.00824   19.89795   19.78676   19.67473   19.56193   19.44844   19.33439   19.21987   19.10502   18.98998   18.87492   18.76000   18.64540   17.83643   17.02818   16.22118   15.41599   14.61311   13.81308   13.01642   12.22365   11.43527   10.65180    9.87371    9.10151    8.33566    7.57662    6.82485    6.80195    6.79025    6.78973    6.80034    6.82197    6.85452    6.89785    6.95176    7.01605    7.09049    7.17480    7.26870

252000.0
   21.37626   21.34189   21.24169   21.14097   21.03968   20.93776   20.83519   20.73192   20.62792   20.52319   20.41770   20.31147   20.20450   20.09681   19.98842   19.87940   19.76977   19.65962   19.54900   19.43801   19.32673   19.21525   19.10367   18.99207   18.88055   18.76916   18.65794   17.87166   17.08537   16.29895   15.51227   14.72513   13.93728   13.14838   12.35801   11.56567   10.77072    9.97246    9.17006    8.36260    7.54904    6.72829    6.69078    6.64097    6.57864    6.50351    6.41519    6.31332    6.19751    6.06745    5.92291    5.76379    5.59013    5.40217
   21.37626   21.34189   21.24169   21.14097   21.03968   20.93776   20.83519   20.73192   20.62792   20.52319   20.41770   20.31147   20.20450   20.09681   19.98842   19.87940   19.76977   19.65962   19.54900   19.43801   19.32673   19.21525   19.10367   18.99207   18.88055   18.76916   18.65794   17.87166   17.08537   16.29895   15.51227   14.72513   13.93728   13.14838   12.35801   11.56567   10.77072    9.97246    9.17006    8.36260    7.54904    6.72829    6.69078    6.64097    6.57864    6.50351    6.41519    6.31332    6.19751    6.06745    5.92291    5.76379    5.59013    5.40217

259200.0
   21.36670   21.33184   21.23036   21.12848   21.02618   20.92341   20.82014   20.71635   20.61203   20.50717   20.40175   20.29579   20.18928   20.08225   19.97470   19.86666   19.75813   19.64915   19.53972   19.42984   19.31952   19.20875   19.09748   18.98566   18.87322   18.76005   18.64601   17.83547   17.02402   16.21118   15.39641   14.57919   13.75900   12.93528   12.10749   11.27507   10.43747    9.59411    8.74443    7.88785    7.02382    6.15178    6.11217    6.06009    5.99556    5.91863    5.82936    5.72787    5.61430    5.48883    5.35167    5.20307    5.04331    4.87273
   21.36670   21.33184   21.23036   21.12848   21.02618   20.92341   20.82014   20.71635   20.61203   20.50717   20.40175   20.29579   20.18928   20.08225   19.97470   19.86666   19.75813   19.64915   19.53972   19.42984   19.31952   19.20875   19.09748   18.98566   18.87322   18.76005   18.64601   17.83547   17.02402   16.21118   15.39641   14.57919   13.75900   12.93528   12.10749   11.27507   10.43747    9.59411    8.74443    7.88785    7.02382    6.15178    6.11217    6.06009    5.99556    5.91863    5.82936    5.72787    5.61430    5.48883    5.35167    5.20307    5.04331    4.87273

266400.0
   21.35948   21.32425   21.22181   21.11907   21.01600   20.91257   20.80875   20.70452   20.59985   20.49474   20.38916   20.28309   20.17652   20.06943   19.96180   19.85361   19.74482   19.63541   19.52533   19.41451   19.30290   19.19041   19.07693   18.96233   18.84648   18.72917   18.61020   17.76151   16.91133   16.05890   15.20342   14.34408   13.48004   12.61042   11.73431   10.85075    9.95875    9.05727    8.14523    7.22153    6.28502    5.33452    5.28699    5.21733    5.12547    5.01133    4.87486    4.71604    4.53488    4.33148    4.10603    3.85881    3.59022    3.30081
   21.35948   21.32425   21.22181   21.11907   21.01600   20.91257   20.80875   20.70452   20.59985   20.49474   20.38916   20.28309   20.17652   20.06943   19.96180   19.85361   19.74482   19.63541   19.52533   19.41451   19.30290   19.19041   19.07693   18.96233   18.84648   18.72917   18.61020   17.76151   16.91133   16.05890   15.20342   14.34408   13.48004   12.61042   11.73431   10.85075    9.95875    9.05727    8.14523    7.22153    6.28502    5.33452    5.28699    5.21733    5.12547    5.01133    4.87486    4.71604    4.53488    4.33148    4.10603    3.85881    3.59022    3.30081

273600.0
   21.35374   21.31821   21.21494   21.11141   21.00759   20.90344   20.79893   20.69403   20.58871   20.48292   20.37664   20.26982   20.16242   20.05439   19.94566   19.83618   19.72587   19.61465   19.50240   19.38901   19.27435   19.15826   19.04057   18.92106   18.79951   18.67567   18.54925   17.64429   16.73736   15.82758   14.91406   13.99591   13.07227   12.14223   11.20492   10.25947    9.30500    8.34066    7.36559    6.37895    5.37993    4.36773    4.31875    4.24946    4.15988    4.05013    3.92033    3.77071    3.60150    3.41304    3.20569    2.97987    2.73606    2.47480
   21.35374   21.31821   21.21494   21.11141   21.00759   20.90344   20.79893   20.69403   20.58871   20.48292   20.37664   20.26982   20.16242   20.05439   19.94566   19.83618   19.72587   19.61465   19.50240   19.38901   19.27435   19.15826   19.04057   18.92106   18.79951   18.67567   18.54925   17.64429   16.73736   15.82758   14.91406   13.99591   13.07227   12.14223   11.20492   10.25947    9.30500    8.34066    7.36559    6.37895    5.37993    4.36773    4.31875    4.24946    4.15988    4.05013    3.92033    3.77071    3.60150    3.41304    3.20569    2.97987    2.73606    2.47480

280800.0
   21.34834   21.31251   21.20837   21.10394   20.99921   20.89411   20.78861   20.68267   20.57622   20.46921   20.36159   20.25329   20.14423   20.03433   19.92349   19.81163   19.69861   19.58433   19.46863   19.35137   19.23237   19.11145   18.98841   18.86301   18.73504   18.60423   18.47031   17.51042   16.54846   15.58365   14.61519   13.64232   12.66424   11.68020   10.68943    9.69118    8.68470    7.66927    6.64418    5.60873    4.56224    3.50406    3.45455    3.38710    3.30176    3.19861    3.07779    2.93950    2.78397    2.61149    2.42239    2.21706    1.99591    1.75943
   21.34834   21.31251   21.20837   21.10394   20.99921   20.89411   20.78861   20.68267   20.57622   20.46921   20.36159   20.25329   20.14423   20.03433   19.92349   19.81163   19.69861   19.58433   19.46863   19.35137   19.23237   19.11145   18.98841   18.86301   18.73504   18.60423   18.47031   17.51042   16.54846   15.58365   14.61519   13.64232   12.66424   11.68020   10.68943    9.69118    8.68470    7.66927    6.64418    5.60873    4.56224    3.50406    3.45455    3.38710    3.30176    3.19861    3.07779    2.93950    2.78397    2.61149    2.42239    2.21706    1.99591    1.75943

288000.0
   21.34226   21.30608   21.20086   21.09531   20.98937   20.88299   20.77611   20.66867   20.56060   20.45183   20.34227   20.23184   20.12044   20.00797   19.89431   19.77935   19.66295   19.54496   19.42523   19.30360   19.17989   19.05390   18.92543   18.79428   18.66022   18.52301   18.38242   17.37435   16.36421   15.35134   14.33504   13.31465   12.28949   11.25891   10.22223    9.17882    8.12805    7.06928    6.00191    4.92534    3.83901    2.74234    2.69245    2.62675    2.54528    2.44811    2.33538    2.20724    2.06392    1.90566    1.73276    1.54555    1.34442    1.12977
   21.34226   21.30608   21.20086   21.09531   20.98937   20.88299   20.77611   20.66867   20.56060   20.45183   20.34227   20.23184   20.12044   20.00797   19.89431   19.77935   19.66295   19.54496   19.42523   19.30360   19.17989   19.05390   18.92543   18.79428   18.66022   18.52301   18.38242   17.37435   16.36421   15.35134   14.33504   13.31465   12.28949   11.25891   10.22223    9.17882    8.12805    7.06928    6.00191    4.92534    3.83901    2.74234    2.69245    2.62675    2.54528    2.44811    2.33538    2.20724    2.06392    1.90566    1.73276    1.54555    1.34442    1.12977

295200.0
   21.33476   21.29815   21.19158   21.08459   20.97713   20.86912   20.76049   20.65117   20.54107   20.43011   20.31818   20.20520   20.09105   19.97561   19.85877   19.74039   19.62033   19.49845   19.37460   19.24862   19.12035   18.98963   18.85632   18.72029   18.58141   18.43962   18.29488   17.25999   16.22423   15.18785   14.15118   13.11461   12.07864   11.04386   10.01103    8.98100    7.95483    6.93369    5.91893    4.91204    3.91466    2.92856    2.90080    2.89234    2.90350    2.93474    2.98659    3.05963    3.15440    3.27137    3.41087    3.57303    3.75776    3.96469
   21.33476   21.29815   21.19158   21.08459   20.97713   20.86912   20.76049   20.65117   20.54107   20.43011   20.31818   20.20520   20.09105   19.97561   19.85877   19.74039   19.62033   19.49845   19.37460   19.24862   19.12035   18.98963   18.85632   18.72029   18.58141   18.43962   18.29488   17.25999   16.22423   15.18785   14.15118   13.11461   12.07864   11.04386   10.01103    8.98100    7.95483    6.93369    5.91893    4.91204    3.91466    2.92856    2.90080    2.89234    2.90350    2.93474    2.98659    3.05963    3.15440    3.27137    3.41087    3.57303    3.75776    3.96469

302400.0
   21.32552   21.28838   21.18018   21.07148   20.96220   20.85228   20.74162   20.63015   20.51778   20.40442   20.28997   20.17434   20.05743   19.93915   19.81940   19.69808   19.57512   19.45044   19.32398   19.19569   19.06555   18.93358   18.79980   18.66431   18.52722   18.38872   18.24902   17.25704   16.26557   15.27545   14.28758   13.30282   12.32208   11.34626   10.37628    9.41308    8.45760    7.51078    6.57356    5.64691    4.73175    3.82903    3.80461    3.79961    3.81404    3.84781    3.90081    3.97287    4.06377    4.17323    4.30093    4.44647    4.60940    4.78922
   21.32552   21.28838   21.18018   21.07148   20.96220   20.85228   20.74162   20.63015   20.51778   20.40442   20.28997   20.17434   20.05743   19.93915   19.81940   19.69808   19.57512   19.45044   19.32398   19.19569   19.06555   18.93358   18.79980   18.66431   18.52722   18.38872   18.24902   17.25704   16.26557   15.27545   14.28758   13.30282   12.32208   11.34626   10.37628    9.41308    8.45760    7.51078    6.57356    5.64691    4.73175    3.82903    3.80461    3.79961    3.81404    3.84781    3.90081    3.97287    4.06377    4.17323    4.30093    4.44647    4.60940    4.78922

309600.0
   21.31477   21.27703   21.16701   21.05645   20.94527   20.83338   20.72074   20.60724   20.49284   20.37744   20.26100   20.14344   20.02472   19.90478   19.78359   19.66111   19.53735   19.41230   19.28600   19.15847   19.02981   18.90010   18.76948   18.63809   18.50612   18.37380   18.24139   17.30501   16.36952   15.43573   14.50445   13.57650   12.65271   11.73387   10.82080    9.91431    9.01517    8.12418    7.24211    6.36970    5.50770    4.65683    4.63324    4.62686    4.63765    4.66554    4.71039    4.77202    4.85021    4.94469    5.05514    5.18120    5.32245    5.47844
   21.31477   21.27703   21.16701   21.05645   20.94527   20.83338   20.72074   20.60724   20.49284   20.37744   20.26100   20.14344   20.02472   19.90478   19.78359   19.66111   19.53735   19.41230   19.28600   19.15847   19.02981   18.90010   18.76948   18.63809   18.50612   18.37380   18.24139   17.30501   16.36952   15.43573   14.50445   13.57650   12.65271   11.73387   10.82080    9.91431    9.01517    8.12418    7.24211    6.36970    5.50770    4.65683    4.63324    4.62686    4.63765    4.66554    4.71039    4.77202    4.85021    4.94469    5.05514    5.18120    5.32245    5.47844

316800.0
   21.30360   21.26525   21.15349   21.04121   20.92833   20.81481   20.70058   20.58559   20.46979   20.35315   20.23562   20.11718   19.99782   19.87753   19.75631   19.63418   19.51119   19.38737   19.26281   19.13759   19.01181   18.88560   18.75912   18.63254   18.50605   18.37986   18.25420   17.36799   16.48280   15.59932   14.71829   13.84042   12.96640   12.09695   11.23275   10.37451    9.52290    8.67858    7.84222    7.01445    6.19590    5.38718    5.36414    5.35626    5.36351    5.38580    5.42303    5.47504    5.54161    5.62253    5.71749    5.82618    5.94824    6.08327
   21.30360   21.26525   21.15349   21.04121   20.92833   20.81481   20.70058   20.58559   20.46979   20.35315   20.23562   20.11718   19.99782   19.87753   19.75631   19.63418   19.51119   19.38737   19.26281   19.13759   19.01181   18.88560   18.75912   18.63254   18.50605   18.37986   18.25420   17.36799   16.48280   15.59932   14.71829   13.84042   12.96640   12.09695   11.23275   10.37451    9.52290    8.67858    7.84222    7.01445    6.19590    5.38718    5.36414    5.35626    5.36351    5.38580    5.42303    5.47504    5.54161    5.62253    5.71749    5.82618    5.94824    6.08327

324000.0
   21.29341   21.25452   21.14129   21.02761   20.91344   20.79873   20.68345   20.56756   20.45103   20.33386   20.21602   20.09753   19.97839   19.85862   19.73825   19.61734   19.49594   19.37413   19.25199   19.12963   19.00717   18.88475   18.76251   18.64062   18.51928   18.39866   18.27899   17.43653   16.59512   15.75540   14.91798   14.08348   13.25251   12.42568   11.60359   10.78684    9.97602    9.17169    8.37441    7.58476    6.80324    6.03040    6.00781    5.99856    6.00263    6.01995    6.05042    6.09390    6.15022    6.21915    6.30045    6.39384    6.49900    6.61557
   21.29341   21.25452   21.14129   21.02761   20.91344   20.79873   20.68345   20.56756   20.45103   20.33386   20.21602   20.09753   19.97839   19.85862   19.73825   19.61734   19.49594   19.37413   19.25199   19.12963   19.00717   18.88475   18.76251   18.64062   18.51928   18.39866   18.27899   17.43653   16.59512   15.75540   14.91798   14.08348   13.25251   12.42568   11.60359   10.78684    9.97602    9.17169    8.37441    7.58476    6.80324    6.03040    6.00781    5.99856    6.00263    6.01995    6.05042    6.09390    6.15022    6.21915    6.30045    6.39384    6.49900    6.61557

331200.0
   21.28515   21.24583   21.13149   21.01682   20.90177   20.78633   20.67048   20.55419   20.43746   20.32030   20.20271   20.08471   19.96633   19.84760   19.72858   19.60933   19.48992   19.37042   19.25095   19.13160   19.01250   18.89378   18.77558   18.65806   18.54140   18.42575   18.31133   17.50687   16.70349   15.90172   15.10210   14.30516   13.51144   12.72145   11.93573   11.15477   10.37910    9.60921    8.84558    8.08868    7.33899    6.59694    6.57470    6.56422    6.56546    6.57838    6.60289    6.63884    6.68610    6.74447    6.81374    6.89364    6.98392    7.08424
   21.28515   21.24583   21.13149   21.01682   20.90177   20.78633   20.67048   20.55419   20.43746   20.32030   20.20271   20.08471   19.96633   19.84760   19.72858   19.60933   19.48992   19.37042   19.25095   19.13160   19.01250   18.89378   18.77558   18.65806   18.54140   18.42575   18.31133   17.50687   16.70349   15.90172   15.10210   14.30516   13.51144   12.72145   11.93573   11.15477   10.37910    9.60921    8.84558    8.08868    7.33899    6.59694    6.57470    6.56422    6.56546    6.57838    6.60289    6.63884    6.68610    6.74447    6.81374    6.89364    6.98392    7.08424

338400.0
   21.27920   21.23959   21.12453   21.00925   20.89373   20.77796   20.66193   20.54565   20.42912   20.31236   20.19539   20.07824   19.96094   19.84356   19.72614   19.60874   19.49146   19.37436   19.25755   19.14112   19.02518   18.90983   18.79518   18.68134   18.56840   18.45642   18.34544   17.56405   16.78295   16.00206   15.22124   14.44029   13.65897   12.87693   12.09378   11.30899   10.52194    9.73193    8.93812    8.13959    7.33531    6.52419    6.48729    6.43860    6.37789    6.30485    6.21912    6.12031    6.00804    5.88199    5.74190    5.58768    5.41936    5.23715
   21.27920   21.23959   21.12453   21.00925   20.89373   20.77796   20.66193   20.54565   20.42912   20.31236   20.19539   20.07824   19.96094   19.84356   19.72614   19.60874   19.49146   19.37436   19.25755   19.14112   19.02518   18.90983   18.79518   18.68134   18.56840   18.45642   18.34544   17.56405   16.78295   16.00206   15.22124   14.44029   13.65897   12.87693   12.09378   11.30899   10.52194    9.73193    8.93812    8.13959    7.33531    6.52419    6.48729    6.43860    6.37789    6.30485    6.21912    6.12031    6.00804    5.88199    5.74190    5.58768    5.41936    5.23715

345600.0
   21.27560   21.23581   21.12039   21.00486   20.88921   20.77344   20.65757   20.54159   20.42553   20.30940   20.19323   20.07705   19.96090   19.84481   19.72882   19.61297   19.49731   19.38186   19.26667   19.15176   19.03714   18.92280   18.80872   18.69487   18.58117   18.46752   18.35379   17.54837   16.74236   15.93524   15.12651   14.31564   13.50210   12.68535   11.86485   11.04003   10.21033    9.37519    8.53405    7.68632    6.83144    5.96886    5.92983    5.87879    5.81572    5.74069    5.65376    5.55503    5.44464    5.32277    5.18961    5.04540    4.89042    4.72499
   21.27560   21.23581   21.12039   21.00486   20.88921   20.77344   20.65757   20.54159   20.42553   20.30940   20.19323   20.07705   19.96090   19.84481   19.72882   19.61297   19.49731   19.38186   19.26667   19.15176   19.03714   18.92280   18.80872   18.69487   18.58117   18.46752   18.35379   17.54837   16.74236   15.93524   15.12651   14.31564   13.50210   12.68535   11.86485   11.04003   10.21033    9.37519    8.53405    7.68632    6.83144    5.96886    5.92983    5.87879    5.81572    5.74069    5.65376    5.55503    5.44464    5.32277    5.18961    5.04540    4.89042    4.72499

